       1  0.88158208243984E-02  0.22321428571426E-02  0.32951519190295E-03  0.77904250942241E-06
       2  0.17631641648797E-01  0.44642857142852E-02  0.50548413797554E-03  0.13090689460876E-05
       3  0.26447462473195E-01  0.66964285714293E-02  0.70997978466762E-03  0.19973233445920E-05
       4  0.35263283297594E-01  0.89285714285703E-02  0.95594695615916E-03  0.28370086314207E-05
       5  0.44079104121992E-01  0.11160714285712E-01  0.12612633155627E-02  0.40389472321110E-05
       6  0.52894924946390E-01  0.13392857142859E-01  0.16490030701493E-02  0.56072488696446E-05
       7  0.61710745770789E-01  0.15625000000000E-01  0.21432409558415E-02  0.78697681596984E-05
       8  0.70526566595187E-01  0.17857142857141E-01  0.28023023637916E-02  0.11037869655972E-04
       9  0.79342387419585E-01  0.20089285714284E-01  0.37014984041180E-02  0.15450232909975E-04
      10  0.88158208243984E-01  0.22321428571424E-01  0.49584416075967E-02  0.21857244243458E-04
      11  0.96974029068382E-01  0.24553571428577E-01  0.67138109562386E-02  0.30136272266108E-04
      12  0.10578984989278E+00  0.26785714285717E-01  0.92972690066317E-02  0.41628286384973E-04
      13  0.11460567071718E+00  0.29017857142856E-01  0.13035399169049E-01  0.56124882779549E-04
      14  0.12342149154158E+00  0.31250000000000E-01  0.18457768073425E-01  0.72246557264530E-04
      15  0.13223731236598E+00  0.33482142857147E-01  0.25690310477226E-01  0.85793978840950E-04
      16  0.14105313319037E+00  0.35714285714281E-01  0.34750919555635E-01  0.92669907110102E-04
      17  0.14986895401477E+00  0.37946428571431E-01  0.45062282520749E-01  0.88927297542320E-04
      18  0.15868477483917E+00  0.40178571428569E-01  0.55651683866452E-01  0.79751859370197E-04
      19  0.16750059566357E+00  0.42410714285719E-01  0.66288583176972E-01  0.69547055196848E-04
      20  0.17631641648797E+00  0.44642857142848E-01  0.76724670957926E-01  0.62396454782079E-04
      21  0.18513223731237E+00  0.46875000000000E-01  0.86934569459336E-01  0.57345664259476E-04
      22  0.19394805813676E+00  0.49107142857153E-01  0.96963364518803E-01  0.53601775296262E-04
      23  0.20276387896116E+00  0.51339285714282E-01  0.10682480758826E+00  0.50767185419065E-04
      24  0.21157969978556E+00  0.53571428571435E-01  0.11647860606038E+00  0.48154116281990E-04
      25  0.22039552060996E+00  0.55803571428565E-01  0.12602340895779E+00  0.46252416395575E-04
      26  0.22921134143436E+00  0.58035714285712E-01  0.13533028769309E+00  0.44190059212166E-04
      27  0.23802716225876E+00  0.60267857142854E-01  0.14446470321063E+00  0.42162317914791E-04
      28  0.24684298308315E+00  0.62500000000000E-01  0.15338520725369E+00  0.40698405147023E-04
      29  0.25565880390755E+00  0.64732142857144E-01  0.16211407515785E+00  0.39674443359147E-04
      30  0.26447462473195E+00  0.66964285714294E-01  0.17066770318333E+00  0.38829573269575E-04
      31  0.27329044555635E+00  0.69196428571437E-01  0.17903308445765E+00  0.37879685773041E-04
      32  0.28210626638075E+00  0.71428571428563E-01  0.18720259479738E+00  0.37348299350798E-04
      33  0.29092208720515E+00  0.73660714285702E-01  0.19519538385553E+00  0.36679798822208E-04
      34  0.29973790802954E+00  0.75892857142861E-01  0.20300688332688E+00  0.36072828392189E-04
      35  0.30855372885394E+00  0.78125000000000E-01  0.21067927053550E+00  0.35792832230090E-04
      36  0.31736954967834E+00  0.80357142857137E-01  0.21818567857249E+00  0.35477773660503E-04
      37  0.32618537050274E+00  0.82589285714302E-01  0.22550573233113E+00  0.35277315902332E-04
      38  0.33500119132714E+00  0.84821428571438E-01  0.23268927209912E+00  0.35004992243864E-04
      39  0.34381701215154E+00  0.87053571428561E-01  0.23969134389147E+00  0.34960330761298E-04
      40  0.35263283297594E+00  0.89285714285696E-01  0.24658226393108E+00  0.34931930548627E-04
      41  0.36144865380033E+00  0.91517857142866E-01  0.25333224903949E+00  0.35009162247341E-04
      42  0.37026447462473E+00  0.93750000000000E-01  0.25992181605413E+00  0.34932352290354E-04
      43  0.37908029544913E+00  0.95982142857133E-01  0.26638840336103E+00  0.34943654889053E-04
      44  0.38789611627353E+00  0.98214285714307E-01  0.27273795208383E+00  0.34688673351392E-04
      45  0.39671193709793E+00  0.10044642857144E+00  0.27898361645967E+00  0.34539432791634E-04
      46  0.40552775792233E+00  0.10267857142856E+00  0.28507446259977E+00  0.34492423134814E-04
      47  0.41434357874672E+00  0.10491071428570E+00  0.29105145013055E+00  0.34233486651163E-04
      48  0.42315939957112E+00  0.10714285714287E+00  0.29692985068700E+00  0.34152504982015E-04
      49  0.43197522039552E+00  0.10937500000000E+00  0.30266591246972E+00  0.34103410114763E-04
      50  0.44079104121992E+00  0.11160714285713E+00  0.30831053834336E+00  0.34213526878401E-04
      51  0.44960686204432E+00  0.11383928571430E+00  0.31387449368597E+00  0.34302354516306E-04
      52  0.45842268286872E+00  0.11607142857142E+00  0.31931391811363E+00  0.34257214249253E-04
      53  0.46723850369311E+00  0.11830357142858E+00  0.32465543034211E+00  0.34205809608697E-04
      54  0.47605432451751E+00  0.12053571428571E+00  0.32989716116671E+00  0.34143054043927E-04
      55  0.48487014534191E+00  0.12276785714287E+00  0.33505672454531E+00  0.34220635432718E-04
      56  0.49368596616631E+00  0.12500000000000E+00  0.34013852590640E+00  0.34133434412534E-04
      57  0.50250178699071E+00  0.12723214285713E+00  0.34512041401100E+00  0.34069844408933E-04
      58  0.51131760781511E+00  0.12946428571429E+00  0.35003992807362E+00  0.34011501169306E-04
      59  0.52013342863950E+00  0.13169642857141E+00  0.35486014160660E+00  0.33997665085001E-04
      60  0.52894924946390E+00  0.13392857142859E+00  0.35960187181072E+00  0.34102711440319E-04
      61  0.53776507028830E+00  0.13616071428572E+00  0.36426342011407E+00  0.34030893168647E-04
      62  0.54658089111270E+00  0.13839285714287E+00  0.36886818647744E+00  0.34048503031219E-04
      63  0.55539671193710E+00  0.14062500000000E+00  0.37338444871337E+00  0.34045443485326E-04
      64  0.56421253276150E+00  0.14285714285713E+00  0.37782801362332E+00  0.33901016178172E-04
      65  0.57302835358589E+00  0.14508928571428E+00  0.38220535749742E+00  0.33953985817287E-04
      66  0.58184417441029E+00  0.14732142857140E+00  0.38651521610178E+00  0.33964277659539E-04
      67  0.59065999523469E+00  0.14955357142860E+00  0.39075924922812E+00  0.33865092996780E-04
      68  0.59947581605909E+00  0.15178571428572E+00  0.39493912442419E+00  0.33793040669055E-04
      69  0.60829163688349E+00  0.15401785714288E+00  0.39905610592387E+00  0.33814997078557E-04
      70  0.61710745770789E+00  0.15625000000000E+00  0.40311543680754E+00  0.33773728220159E-04
      71  0.62592327853228E+00  0.15848214285712E+00  0.40711172663013E+00  0.33713449066838E-04
      72  0.63473909935668E+00  0.16071428571427E+00  0.41107180352037E+00  0.33588988322833E-04
      73  0.64355492018108E+00  0.16294642857140E+00  0.41497187971567E+00  0.33612416837160E-04
      74  0.65237074100548E+00  0.16517857142860E+00  0.41880087959654E+00  0.33576104967160E-04
      75  0.66118656182988E+00  0.16741071428573E+00  0.42259223167838E+00  0.33546796014765E-04
      76  0.67000238265428E+00  0.16964285714288E+00  0.42632034879825E+00  0.33565416466309E-04
      77  0.67881820347868E+00  0.17187500000000E+00  0.43000648249494E+00  0.33624259812618E-04
      78  0.68763402430307E+00  0.17410714285712E+00  0.43365888519081E+00  0.33554498195466E-04
      79  0.69644984512747E+00  0.17633928571427E+00  0.43725276859463E+00  0.33616380478086E-04
      80  0.70526566595187E+00  0.17857142857139E+00  0.44080742972411E+00  0.33602549796847E-04
      81  0.71408148677627E+00  0.18080357142861E+00  0.44432860028989E+00  0.33567213320211E-04
      82  0.72289730760067E+00  0.18303571428573E+00  0.44779905413589E+00  0.33556961733074E-04
      83  0.73171312842507E+00  0.18526785714288E+00  0.45122153689888E+00  0.33649213120783E-04
      84  0.74052894924946E+00  0.18750000000000E+00  0.45461989063369E+00  0.33526248479459E-04
      85  0.74934477007386E+00  0.18973214285712E+00  0.45797073089161E+00  0.33478780111951E-04
      86  0.75816059089826E+00  0.19196428571427E+00  0.46127950240996E+00  0.33540836197254E-04
      87  0.76697641172266E+00  0.19419642857139E+00  0.46456252388859E+00  0.33545707173091E-04
      88  0.77579223254706E+00  0.19642857142861E+00  0.46780179356783E+00  0.33471756920705E-04
      89  0.78460805337146E+00  0.19866071428574E+00  0.47100468743795E+00  0.33570442906955E-04
      90  0.79342387419585E+00  0.20089285714288E+00  0.47416631144022E+00  0.33510164943672E-04
      91  0.80223969502025E+00  0.20312500000000E+00  0.47728884502075E+00  0.33429007073937E-04
      92  0.81105551584465E+00  0.20535714285713E+00  0.48038395325778E+00  0.33499318767024E-04
      93  0.81987133666905E+00  0.20758928571426E+00  0.48346186636288E+00  0.33510857928787E-04
      94  0.82868715749345E+00  0.20982142857139E+00  0.48649784258101E+00  0.33510347273185E-04
      95  0.83750297831785E+00  0.21205357142860E+00  0.48949696211580E+00  0.33484802562530E-04
      96  0.84631879914224E+00  0.21428571428574E+00  0.49247449660224E+00  0.33490088709780E-04
      97  0.85513461996664E+00  0.21651785714286E+00  0.49541216506334E+00  0.33520497304149E-04
      98  0.86395044079104E+00  0.21875000000000E+00  0.49831996502958E+00  0.33569766191002E-04
      99  0.87276626161544E+00  0.22098214285714E+00  0.50120324040982E+00  0.33574013592029E-04
     100  0.88158208243984E+00  0.22321428571426E+00  0.50406637336441E+00  0.33525372506973E-04
     101  0.89039790326424E+00  0.22544642857140E+00  0.50690918550453E+00  0.33549586179393E-04
     102  0.89921372408863E+00  0.22767857142859E+00  0.50970273130361E+00  0.33604215830914E-04
     103  0.90802954491303E+00  0.22991071428574E+00  0.51248314613365E+00  0.33613965555826E-04
     104  0.91684536573743E+00  0.23214285714285E+00  0.51522941113692E+00  0.33563726636158E-04
     105  0.92566118656183E+00  0.23437500000000E+00  0.51796874224396E+00  0.33612529068938E-04
     106  0.93447700738623E+00  0.23660714285715E+00  0.52067674672137E+00  0.33571155585629E-04
     107  0.94329282821063E+00  0.23883928571426E+00  0.52335782999762E+00  0.33508551095077E-04
     108  0.95210864903503E+00  0.24107142857141E+00  0.52601802626876E+00  0.33626742364224E-04
     109  0.96092446985942E+00  0.24330357142858E+00  0.52865325585984E+00  0.33566306924079E-04
     110  0.96974029068382E+00  0.24553571428574E+00  0.53126406944941E+00  0.33570557182296E-04
     111  0.97855611150822E+00  0.24776785714284E+00  0.53385885131245E+00  0.33568722270217E-04
     112  0.98737193233262E+00  0.25000000000000E+00  0.53642077860674E+00  0.33564375519055E-04
     113  0.99618775315702E+00  0.25223214285717E+00  0.53898010762896E+00  0.33478113498723E-04
     114  0.10050035739814E+01  0.25446428571425E+00  0.54151473367634E+00  0.33425148677212E-04
     115  0.10138193948058E+01  0.25669642857142E+00  0.54401655169119E+00  0.33455025658524E-04
     116  0.10226352156302E+01  0.25892857142858E+00  0.54651543792441E+00  0.33396303178236E-04
     117  0.10314510364546E+01  0.26116071428575E+00  0.54898333879358E+00  0.33375258921158E-04
     118  0.10402668572790E+01  0.26339285714283E+00  0.55143023631711E+00  0.33372102824301E-04
     119  0.10490826781034E+01  0.26562500000000E+00  0.55384814177786E+00  0.33359390508182E-04
     120  0.10578984989278E+01  0.26785714285718E+00  0.55626313872508E+00  0.33350826249268E-04
     121  0.10667143197522E+01  0.27008928571425E+00  0.55866091727226E+00  0.33313737806853E-04
     122  0.10755301405766E+01  0.27232142857143E+00  0.56104056996317E+00  0.33326484691634E-04
     123  0.10843459614010E+01  0.27455357142857E+00  0.56340058437078E+00  0.33394875877869E-04
     124  0.10931617822254E+01  0.27678571428575E+00  0.56574254272645E+00  0.33370421672299E-04
     125  0.11019776030498E+01  0.27901785714282E+00  0.56806620459306E+00  0.33332509427280E-04
     126  0.11107934238742E+01  0.28125000000000E+00  0.57037544798864E+00  0.33277112314449E-04
     127  0.11196092446986E+01  0.28348214285718E+00  0.57266504534489E+00  0.33257244858590E-04
     128  0.11284250655230E+01  0.28571428571425E+00  0.57494101534578E+00  0.33273346659611E-04
     129  0.11372408863474E+01  0.28794642857144E+00  0.57720161288321E+00  0.33263363648387E-04
     130  0.11460567071718E+01  0.29017857142856E+00  0.57945361673269E+00  0.33275481969687E-04
     131  0.11548725279962E+01  0.29241071428575E+00  0.58168339178282E+00  0.33230135706130E-04
     132  0.11636883488206E+01  0.29464285714281E+00  0.58389460663867E+00  0.33207567075751E-04
     133  0.11725041696450E+01  0.29687500000000E+00  0.58609005347322E+00  0.33172695802638E-04
     134  0.11813199904694E+01  0.29910714285719E+00  0.58827311391818E+00  0.33202067176312E-04
     135  0.11901358112938E+01  0.30133928571425E+00  0.59044721614149E+00  0.33122003269397E-04
     136  0.11989516321182E+01  0.30357142857144E+00  0.59259906629736E+00  0.33150348579473E-04
     137  0.12077674529426E+01  0.30580357142855E+00  0.59474409889753E+00  0.33144035541617E-04
     138  0.12165832737670E+01  0.30803571428575E+00  0.59687310752720E+00  0.33068624304304E-04
     139  0.12253990945914E+01  0.31026785714280E+00  0.59899043556658E+00  0.33092121628516E-04
     140  0.12342149154158E+01  0.31250000000000E+00  0.60109970508448E+00  0.33142753427207E-04
     141  0.12430307362402E+01  0.31473214285720E+00  0.60318681560738E+00  0.33006257046507E-04
     142  0.12518465570646E+01  0.31696428571425E+00  0.60526607702178E+00  0.32884907343149E-04
     143  0.12606623778890E+01  0.31919642857145E+00  0.60733793917779E+00  0.32884710141773E-04
     144  0.12694781987134E+01  0.32142857142855E+00  0.60939566983609E+00  0.32887175320428E-04
     145  0.12782940195378E+01  0.32366071428575E+00  0.61144439573654E+00  0.32841188824293E-04
     146  0.12871098403622E+01  0.32589285714280E+00  0.61347110225062E+00  0.32911909558529E-04
     147  0.12959256611866E+01  0.32812500000000E+00  0.61548344458591E+00  0.32870238423567E-04
     148  0.13047414820110E+01  0.33035714285721E+00  0.61748621597272E+00  0.32913784199394E-04
     149  0.13135573028354E+01  0.33258928571425E+00  0.61948151054076E+00  0.32896527888011E-04
     150  0.13223731236598E+01  0.33482142857146E+00  0.62146258829471E+00  0.32862795153495E-04
     151  0.13311889444842E+01  0.33705357142854E+00  0.62343682522486E+00  0.32943401472148E-04
     152  0.13400047653086E+01  0.33928571428575E+00  0.62539561213118E+00  0.32958829258735E-04
     153  0.13488205861330E+01  0.34151785714279E+00  0.62734016671134E+00  0.32993037027165E-04
     154  0.13576364069574E+01  0.34375000000000E+00  0.62928044771563E+00  0.32989093410432E-04
     155  0.13664522277817E+01  0.34598214285721E+00  0.63121080099377E+00  0.32949018262749E-04
     156  0.13752680486061E+01  0.34821428571425E+00  0.63313757098324E+00  0.33069084706583E-04
     157  0.13840838694305E+01  0.35044642857146E+00  0.63504970533268E+00  0.33012999507066E-04
     158  0.13928996902549E+01  0.35267857142854E+00  0.63695353296750E+00  0.32920490807349E-04
     159  0.14017155110793E+01  0.35491071428575E+00  0.63884789823832E+00  0.32826622651308E-04
     160  0.14105313319037E+01  0.35714285714278E+00  0.64073201002949E+00  0.32838860177439E-04
     161  0.14193471527281E+01  0.35937500000000E+00  0.64260536419863E+00  0.32860058430380E-04
     162  0.14281629735525E+01  0.36160714285722E+00  0.64446630095405E+00  0.32836459082516E-04
     163  0.14369787943769E+01  0.36383928571424E+00  0.64632543055307E+00  0.32853675418801E-04
     164  0.14457946152013E+01  0.36607142857146E+00  0.64816432465402E+00  0.32798288622436E-04
     165  0.14546104360257E+01  0.36830357142854E+00  0.65000009307243E+00  0.32794598728367E-04
     166  0.14634262568501E+01  0.37053571428576E+00  0.65182343632108E+00  0.32840249524097E-04
     167  0.14722420776745E+01  0.37276785714278E+00  0.65363844958701E+00  0.32876055235323E-04
     168  0.14810578984989E+01  0.37500000000000E+00  0.65544767685003E+00  0.32828075922257E-04
     169  0.14898737193233E+01  0.37723214285722E+00  0.65724281139554E+00  0.32803316598071E-04
     170  0.14986895401477E+01  0.37946428571424E+00  0.65903415323942E+00  0.32786859495501E-04
     171  0.15075053609721E+01  0.38169642857147E+00  0.66080839302379E+00  0.32783391318194E-04
     172  0.15163211817965E+01  0.38392857142853E+00  0.66258104282076E+00  0.32806958852435E-04
     173  0.15251370026209E+01  0.38616071428576E+00  0.66434993869629E+00  0.32781602650714E-04
     174  0.15339528234453E+01  0.38839285714277E+00  0.66610753402728E+00  0.32818154162014E-04
     175  0.15427686442697E+01  0.39062500000000E+00  0.66786229840511E+00  0.32770613787555E-04
     176  0.15515844650941E+01  0.39285714285723E+00  0.66960081388740E+00  0.32814752616088E-04
     177  0.15604002859185E+01  0.39508928571424E+00  0.67133657597689E+00  0.32795622001439E-04
     178  0.15692161067429E+01  0.39732142857147E+00  0.67306062645193E+00  0.32779790536032E-04
     179  0.15780319275673E+01  0.39955357142853E+00  0.67477637021235E+00  0.32767308904430E-04
     180  0.15868477483917E+01  0.40178571428576E+00  0.67648430364447E+00  0.32708448263918E-04
     181  0.15956635692161E+01  0.40401785714277E+00  0.67818781613603E+00  0.32664439469938E-04
     182  0.16044793900405E+01  0.40625000000000E+00  0.67988020647188E+00  0.32627944410647E-04
     183  0.16132952108649E+01  0.40848214285722E+00  0.68156573271583E+00  0.32643707481498E-04
     184  0.16221110316893E+01  0.41071428571425E+00  0.68324762913490E+00  0.32649990802747E-04
     185  0.16309268525137E+01  0.41294642857147E+00  0.68492464700729E+00  0.32538337077140E-04
     186  0.16397426733381E+01  0.41517857142852E+00  0.68659080642920E+00  0.32507732147024E-04
     187  0.16485584941625E+01  0.41741071428574E+00  0.68825155213794E+00  0.32449418975158E-04
     188  0.16573743149869E+01  0.41964285714279E+00  0.68990167207728E+00  0.32505310805273E-04
     189  0.16661901358113E+01  0.42187500000000E+00  0.69154580435678E+00  0.32441412728098E-04
     190  0.16750059566357E+01  0.42410714285721E+00  0.69318660929682E+00  0.32393944449049E-04
     191  0.16838217774601E+01  0.42633928571427E+00  0.69481547769736E+00  0.32346185206991E-04
     192  0.16926375982845E+01  0.42857142857148E+00  0.69643740444564E+00  0.32294660617102E-04
     193  0.17014534191089E+01  0.43080357142852E+00  0.69805390972470E+00  0.32266175136446E-04
     194  0.17102692399333E+01  0.43303571428572E+00  0.69966576138214E+00  0.32249627451790E-04
     195  0.17190850607577E+01  0.43526785714280E+00  0.70127585241939E+00  0.32226891605972E-04
     196  0.17279008815821E+01  0.43750000000000E+00  0.70286832174271E+00  0.32189016451119E-04
     197  0.17367167024065E+01  0.43973214285720E+00  0.70446320319325E+00  0.32151321413070E-04
     198  0.17455325232309E+01  0.44196428571428E+00  0.70604441850826E+00  0.32095508073909E-04
     199  0.17543483440553E+01  0.44419642857148E+00  0.70762436958939E+00  0.32035007982946E-04
     200  0.17631641648797E+01  0.44642857142852E+00  0.70921014545360E+00  0.32002299538520E-04
     201  0.17719799857041E+01  0.44866071428571E+00  0.71078031617326E+00  0.31961049238932E-04
     202  0.17807958065285E+01  0.45089285714281E+00  0.71233914756820E+00  0.31933713965636E-04
     203  0.17896116273529E+01  0.45312500000000E+00  0.71389959221865E+00  0.31833669522374E-04
     204  0.17984274481773E+01  0.45535714285719E+00  0.71544828647447E+00  0.31828297710707E-04
     205  0.18072432690017E+01  0.45758928571430E+00  0.71699578630073E+00  0.31817774836508E-04
     206  0.18160590898261E+01  0.45982142857148E+00  0.71853732949130E+00  0.31812282874104E-04
     207  0.18248749106505E+01  0.46205357142852E+00  0.72007176815285E+00  0.31804647370269E-04
     208  0.18336907314749E+01  0.46428571428570E+00  0.72159839648608E+00  0.31744190066693E-04
     209  0.18425065522993E+01  0.46651785714282E+00  0.72312159665138E+00  0.31608012607605E-04
     210  0.18513223731237E+01  0.46875000000000E+00  0.72463685463575E+00  0.31626065779772E-04
     211  0.18601381939481E+01  0.47098214285718E+00  0.72615212037616E+00  0.31532524504741E-04
     212  0.18689540147725E+01  0.47321428571431E+00  0.72765648888591E+00  0.31463513061907E-04
     213  0.18777698355969E+01  0.47544642857149E+00  0.72915404759600E+00  0.31446601624397E-04
     214  0.18865856564213E+01  0.47767857142851E+00  0.73065264561492E+00  0.31494403740489E-04
     215  0.18954014772457E+01  0.47991071428569E+00  0.73214099015418E+00  0.31505678260748E-04
     216  0.19042172980701E+01  0.48214285714283E+00  0.73362538687108E+00  0.31558445019753E-04
     217  0.19130331188944E+01  0.48437500000000E+00  0.73511041958294E+00  0.31512097760815E-04
     218  0.19218489397188E+01  0.48660714285717E+00  0.73658553232468E+00  0.31456379784883E-04
     219  0.19306647605432E+01  0.48883928571432E+00  0.73805445574964E+00  0.31410182504238E-04
     220  0.19394805813676E+01  0.49107142857149E+00  0.73951487855909E+00  0.31363168135743E-04
     221  0.19482964021920E+01  0.49330357142851E+00  0.74097536341683E+00  0.31317831369734E-04
     222  0.19571122230164E+01  0.49553571428567E+00  0.74243151265040E+00  0.31279452764712E-04
     223  0.19659280438408E+01  0.49776785714284E+00  0.74388476888254E+00  0.31246445195802E-04
     224  0.19747438646652E+01  0.50000000000000E+00  0.74532227260543E+00  0.31227834515881E-04
     225  0.19835596854896E+01  0.50223214285716E+00  0.74675798468400E+00  0.31206551984124E-04
     226  0.19923755063140E+01  0.50446428571433E+00  0.74819367349446E+00  0.31173626029359E-04
     227  0.20011913271384E+01  0.50669642857149E+00  0.74961787561552E+00  0.31092199429525E-04
     228  0.20100071479628E+01  0.50892857142851E+00  0.75104836012578E+00  0.31086743168541E-04
     229  0.20188229687872E+01  0.51116071428566E+00  0.75246536464538E+00  0.31039540499117E-04
     230  0.20276387896116E+01  0.51339285714285E+00  0.75388437797832E+00  0.30969500119672E-04
     231  0.20364546104360E+01  0.51562500000000E+00  0.75530089386764E+00  0.30935411556711E-04
     232  0.20452704312604E+01  0.51785714285715E+00  0.75671263979479E+00  0.30883499569476E-04
     233  0.20540862520848E+01  0.52008928571434E+00  0.75811455106822E+00  0.30794731892090E-04
     234  0.20629020729092E+01  0.52232142857149E+00  0.75951282476074E+00  0.30680885855747E-04
     235  0.20717178937336E+01  0.52455357142851E+00  0.76090307871198E+00  0.30608605768852E-04
     236  0.20805337145580E+01  0.52678571428565E+00  0.76229851369530E+00  0.30596906720243E-04
     237  0.20893495353824E+01  0.52901785714285E+00  0.76368716990311E+00  0.30537064895975E-04
     238  0.20981653562068E+01  0.53125000000000E+00  0.76506158602871E+00  0.30465877307091E-04
     239  0.21069811770312E+01  0.53348214285714E+00  0.76644151669595E+00  0.30400211928067E-04
     240  0.21157969978556E+01  0.53571428571435E+00  0.76781241933723E+00  0.30352682603565E-04
     241  0.21246128186800E+01  0.53794642857149E+00  0.76917929659578E+00  0.30318345300950E-04
     242  0.21334286395044E+01  0.54017857142851E+00  0.77054200110694E+00  0.30263279936041E-04
     243  0.21422444603288E+01  0.54241071428564E+00  0.77190231675899E+00  0.30197015860689E-04
     244  0.21510602811532E+01  0.54464285714286E+00  0.77325253405210E+00  0.30152685920613E-04
     245  0.21598761019776E+01  0.54687500000000E+00  0.77460856837225E+00  0.30160376536062E-04
     246  0.21686919228020E+01  0.54910714285714E+00  0.77595370546174E+00  0.30082452370868E-04
     247  0.21775077436264E+01  0.55133928571436E+00  0.77729896664780E+00  0.30037308479723E-04
     248  0.21863235644508E+01  0.55357142857150E+00  0.77864317301297E+00  0.30003419275999E-04
     249  0.21951393852752E+01  0.55580357142850E+00  0.77997765330891E+00  0.29958041368424E-04
     250  0.22039552060996E+01  0.55803571428563E+00  0.78131296350071E+00  0.29914520671970E-04
     251  0.22127710269240E+01  0.56026785714287E+00  0.78264680780170E+00  0.29853787065141E-04
     252  0.22215868477484E+01  0.56250000000000E+00  0.78396959199527E+00  0.29819936443229E-04
     253  0.22304026685728E+01  0.56473214285713E+00  0.78528837407424E+00  0.29779359919704E-04
     254  0.22392184893972E+01  0.56696428571437E+00  0.78660828077843E+00  0.29729115702165E-04
     255  0.22480343102216E+01  0.56919642857150E+00  0.78792684568839E+00  0.29712219305530E-04
     256  0.22568501310460E+01  0.57142857142850E+00  0.78923748392949E+00  0.29648392886855E-04
     257  0.22656659518704E+01  0.57366071428563E+00  0.79054686569276E+00  0.29504250127162E-04
     258  0.22744817726948E+01  0.57589285714288E+00  0.79185595272665E+00  0.29423004198936E-04
     259  0.22832975935192E+01  0.57812500000000E+00  0.79315070660591E+00  0.29338546912189E-04
     260  0.22921134143436E+01  0.58035714285712E+00  0.79444996674212E+00  0.29332291092296E-04
     261  0.23009292351680E+01  0.58258928571438E+00  0.79573853906064E+00  0.29219675499875E-04
     262  0.23097450559924E+01  0.58482142857150E+00  0.79702547485555E+00  0.29189323954373E-04
     263  0.23185608768168E+01  0.58705357142850E+00  0.79830152893188E+00  0.29122274325734E-04
     264  0.23273766976412E+01  0.58928571428562E+00  0.79958063113037E+00  0.29060865258728E-04
     265  0.23361925184656E+01  0.59151785714288E+00  0.80085516502363E+00  0.29076525758943E-04
     266  0.23450083392900E+01  0.59375000000000E+00  0.80212730230174E+00  0.29014700513584E-04
     267  0.23538241601144E+01  0.59598214285712E+00  0.80339288572939E+00  0.29034008449737E-04
     268  0.23626399809388E+01  0.59821428571439E+00  0.80466151727921E+00  0.29016657072109E-04
     269  0.23714558017632E+01  0.60044642857150E+00  0.80593284017354E+00  0.28987007886896E-04
     270  0.23802716225876E+01  0.60267857142850E+00  0.80719535221090E+00  0.28905139813308E-04
     271  0.23890874434120E+01  0.60491071428561E+00  0.80844995309149E+00  0.28890388019942E-04
     272  0.23979032642364E+01  0.60714285714289E+00  0.80970525201533E+00  0.28825106182478E-04
     273  0.24067190850608E+01  0.60937500000000E+00  0.81095348519031E+00  0.28759808336889E-04
     274  0.24155349058852E+01  0.61160714285711E+00  0.81220520858153E+00  0.28701946140910E-04
     275  0.24243507267096E+01  0.61383928571439E+00  0.81345156479579E+00  0.28619978463968E-04
     276  0.24331665475340E+01  0.61607142857150E+00  0.81469615263383E+00  0.28515806214020E-04
     277  0.24419823683584E+01  0.61830357142850E+00  0.81592499571867E+00  0.28424353934972E-04
     278  0.24507981891827E+01  0.62053571428560E+00  0.81716407677111E+00  0.28394038815160E-04
     279  0.24596140100071E+01  0.62276785714289E+00  0.81839613861091E+00  0.28319074703114E-04
     280  0.24684298308315E+01  0.62500000000000E+00  0.81962218952277E+00  0.28245824252712E-04
     281  0.24772456516559E+01  0.62723214285710E+00  0.82084429261228E+00  0.28183042301916E-04
     282  0.24860614724803E+01  0.62946428571440E+00  0.82205941526934E+00  0.28112596904425E-04
     283  0.24948772933047E+01  0.63169642857150E+00  0.82327748522010E+00  0.28044840378540E-04
     284  0.25036931141291E+01  0.63392857142850E+00  0.82449282504616E+00  0.27947483651222E-04
     285  0.25125089349535E+01  0.63616071428560E+00  0.82571316751549E+00  0.27848624597391E-04
     286  0.25213247557779E+01  0.63839285714290E+00  0.82692193022298E+00  0.27848094770114E-04
     287  0.25301405766023E+01  0.64062500000000E+00  0.82813070844254E+00  0.27803681745290E-04
     288  0.25389563974267E+01  0.64285714285710E+00  0.82933318876082E+00  0.27739485236247E-04
     289  0.25477722182511E+01  0.64508928571441E+00  0.83053179881711E+00  0.27665565407377E-04
     290  0.25565880390755E+01  0.64732142857150E+00  0.83172747709177E+00  0.27565354672972E-04
     291  0.25654038598999E+01  0.64955357142849E+00  0.83292246507922E+00  0.27530087993551E-04
     292  0.25742196807243E+01  0.65178571428559E+00  0.83411699546055E+00  0.27464111182234E-04
     293  0.25830355015487E+01  0.65401785714291E+00  0.83530974195358E+00  0.27408986516378E-04
     294  0.25918513223731E+01  0.65625000000000E+00  0.83649450748551E+00  0.27383547556967E-04
     295  0.26006671431975E+01  0.65848214285709E+00  0.83767886970356E+00  0.27310705710078E-04
     296  0.26094829640219E+01  0.66071428571441E+00  0.83886465127621E+00  0.27349081429482E-04
     297  0.26182987848463E+01  0.66294642857151E+00  0.84003993893207E+00  0.27300506028001E-04
     298  0.26271146056707E+01  0.66517857142849E+00  0.84121456732487E+00  0.27225214718113E-04
     299  0.26359304264951E+01  0.66741071428558E+00  0.84238822621317E+00  0.27133988796347E-04
     300  0.26447462473195E+01  0.66964285714291E+00  0.84356436703300E+00  0.27081513463524E-04
     301  0.26535620681439E+01  0.67187500000000E+00  0.84472880399442E+00  0.26994399655996E-04
     302  0.26623778889683E+01  0.67410714285709E+00  0.84589286091007E+00  0.26952473106048E-04
     303  0.26711937097927E+01  0.67633928571442E+00  0.84705480042789E+00  0.26867569308199E-04
     304  0.26800095306171E+01  0.67857142857151E+00  0.84820926312694E+00  0.26803010364448E-04
     305  0.26888253514415E+01  0.68080357142849E+00  0.84935995639246E+00  0.26688081516847E-04
     306  0.26976411722659E+01  0.68303571428558E+00  0.85051312383349E+00  0.26687312361799E-04
     307  0.27064569930903E+01  0.68526785714291E+00  0.85166309578767E+00  0.26646565111605E-04
     308  0.27152728139147E+01  0.68750000000000E+00  0.85281006615589E+00  0.26559249812214E-04
     309  0.27240886347391E+01  0.68973214285708E+00  0.85395318177418E+00  0.26474263171140E-04
     310  0.27329044555635E+01  0.69196428571443E+00  0.85508989866274E+00  0.26385128873466E-04
     311  0.27417202763879E+01  0.69419642857151E+00  0.85623363476392E+00  0.26272956883875E-04
     312  0.27505360972123E+01  0.69642857142849E+00  0.85737032838436E+00  0.26204741991712E-04
     313  0.27593519180367E+01  0.69866071428557E+00  0.85850246921164E+00  0.26165132395562E-04
     314  0.27681677388611E+01  0.70089285714292E+00  0.85963525378991E+00  0.26053434503844E-04
     315  0.27769835596855E+01  0.70312500000000E+00  0.86076458693213E+00  0.25974984836829E-04
     316  0.27857993805099E+01  0.70535714285708E+00  0.86188971630282E+00  0.25864329835943E-04
     317  0.27946152013343E+01  0.70758928571443E+00  0.86301261193511E+00  0.25764738047535E-04
     318  0.28034310221587E+01  0.70982142857151E+00  0.86413242842109E+00  0.25701505659801E-04
     319  0.28122468429831E+01  0.71205357142849E+00  0.86525586697592E+00  0.25617906787792E-04
     320  0.28210626638075E+01  0.71428571428557E+00  0.86637386854946E+00  0.25556352353855E-04
     321  0.28298784846319E+01  0.71651785714292E+00  0.86748579714677E+00  0.25506389635610E-04
     322  0.28386943054563E+01  0.71875000000000E+00  0.86859523605651E+00  0.25419456376369E-04
     323  0.28475101262807E+01  0.72098214285708E+00  0.86970421736012E+00  0.25359426979685E-04
     324  0.28563259471051E+01  0.72321428571444E+00  0.87081081756066E+00  0.25277328865270E-04
     325  0.28651417679295E+01  0.72544642857151E+00  0.87190780803252E+00  0.25260264531532E-04
     326  0.28739575887539E+01  0.72767857142849E+00  0.87300669097719E+00  0.25184183510950E-04
     327  0.28827734095783E+01  0.72991071428556E+00  0.87410914169844E+00  0.25091988337691E-04
     328  0.28915892304027E+01  0.73214285714293E+00  0.87520907946400E+00  0.25026440956739E-04
     329  0.29004050512271E+01  0.73437500000000E+00  0.87630451097262E+00  0.24953349970470E-04
     330  0.29092208720515E+01  0.73660714285707E+00  0.87739690987114E+00  0.24889926104844E-04
     331  0.29180366928759E+01  0.73883928571444E+00  0.87848372442370E+00  0.24819746443452E-04
     332  0.29268525137003E+01  0.74107142857151E+00  0.87957113619103E+00  0.24789059477277E-04
     333  0.29356683345247E+01  0.74330357142849E+00  0.88065591090610E+00  0.24713409374581E-04
     334  0.29444841553491E+01  0.74553571428556E+00  0.88174312877254E+00  0.24664899182479E-04
     335  0.29532999761735E+01  0.74776785714293E+00  0.88282649188905E+00  0.24563150939900E-04
     336  0.29621157969979E+01  0.75000000000000E+00  0.88390055551833E+00  0.24506463351368E-04
     337  0.29709316178223E+01  0.75223214285707E+00  0.88497385130004E+00  0.24434908424945E-04
     338  0.29797474386467E+01  0.75446428571445E+00  0.88604870604499E+00  0.24344303080319E-04
     339  0.29885632594711E+01  0.75669642857151E+00  0.88711896921660E+00  0.24275180542380E-04
     340  0.29973790802954E+01  0.75892857142849E+00  0.88819342840372E+00  0.24208042792356E-04
     341  0.30061949011198E+01  0.76116071428555E+00  0.88926090715839E+00  0.24150156441227E-04
     342  0.30150107219442E+01  0.76339285714294E+00  0.89032208801177E+00  0.24059328339627E-04
     343  0.30238265427686E+01  0.76562500000000E+00  0.89138590591742E+00  0.23974824774618E-04
     344  0.30326423635930E+01  0.76785714285706E+00  0.89244640423964E+00  0.23874218100165E-04
     345  0.30414581844174E+01  0.77008928571445E+00  0.89350490150455E+00  0.23755791583843E-04
     346  0.30502740052418E+01  0.77232142857151E+00  0.89455966036008E+00  0.23650344065846E-04
     347  0.30590898260662E+01  0.77455357142849E+00  0.89561323254209E+00  0.23532825862900E-04
     348  0.30679056468906E+01  0.77678571428555E+00  0.89665793181886E+00  0.23433528729490E-04
     349  0.30767214677150E+01  0.77901785714294E+00  0.89770533795221E+00  0.23311801586071E-04
     350  0.30855372885394E+01  0.78125000000000E+00  0.89875282940195E+00  0.23202672941952E-04
     351  0.30943531093638E+01  0.78348214285706E+00  0.89979586888700E+00  0.23094030900513E-04
     352  0.31031689301882E+01  0.78571428571446E+00  0.90083848954610E+00  0.23011482001579E-04
     353  0.31119847510126E+01  0.78794642857151E+00  0.90188162985962E+00  0.22907160578806E-04
     354  0.31208005718370E+01  0.79017857142849E+00  0.90292226497349E+00  0.22795378188690E-04
     355  0.31296163926614E+01  0.79241071428554E+00  0.90395308094572E+00  0.22644226553986E-04
     356  0.31384322134858E+01  0.79464285714294E+00  0.90498833337056E+00  0.22522083725625E-04
     357  0.31472480343102E+01  0.79687500000000E+00  0.90602334535829E+00  0.22425691228594E-04
     358  0.31560638551346E+01  0.79910714285706E+00  0.90704721192221E+00  0.22355068090734E-04
     359  0.31648796759590E+01  0.80133928571446E+00  0.90807806667461E+00  0.22202078527814E-04
     360  0.31736954967834E+01  0.80357142857151E+00  0.90910198753078E+00  0.22100711210115E-04
     361  0.31825113176078E+01  0.80580357142849E+00  0.91012241817072E+00  0.21976379932720E-04
     362  0.31913271384322E+01  0.80803571428555E+00  0.91114358563408E+00  0.21891296238242E-04
     363  0.32001429592566E+01  0.81026785714295E+00  0.91216113878465E+00  0.21855514565344E-04
     364  0.32089587800810E+01  0.81250000000000E+00  0.91318167800909E+00  0.21765263241058E-04
     365  0.32177746009054E+01  0.81473214285705E+00  0.91419125019855E+00  0.21656622813365E-04
     366  0.32265904217298E+01  0.81696428571444E+00  0.91520493308713E+00  0.21528902783536E-04
     367  0.32354062425542E+01  0.81919642857149E+00  0.91621506371118E+00  0.21361217374050E-04
     368  0.32442220633786E+01  0.82142857142851E+00  0.91722448853596E+00  0.21277164634042E-04
     369  0.32530378842030E+01  0.82366071428556E+00  0.91823544905587E+00  0.21117958465786E-04
     370  0.32618537050274E+01  0.82589285714295E+00  0.91924742561651E+00  0.20990430120660E-04
     371  0.32706695258518E+01  0.82812500000000E+00  0.92024879191982E+00  0.20904865111960E-04
     372  0.32794853466762E+01  0.83035714285705E+00  0.92125495145342E+00  0.20813861021572E-04
     373  0.32883011675006E+01  0.83258928571443E+00  0.92225467347709E+00  0.20755982296331E-04
     374  0.32971169883250E+01  0.83482142857148E+00  0.92324947041786E+00  0.20630885149178E-04
     375  0.33059328091494E+01  0.83705357142852E+00  0.92424702850747E+00  0.20488494843061E-04
     376  0.33147486299738E+01  0.83928571428557E+00  0.92524478825401E+00  0.20337992550480E-04
     377  0.33235644507982E+01  0.84151785714295E+00  0.92623134828449E+00  0.20197960658957E-04
     378  0.33323802716226E+01  0.84375000000000E+00  0.92722144506741E+00  0.20033304515634E-04
     379  0.33411960924470E+01  0.84598214285705E+00  0.92820752422365E+00  0.19955879051911E-04
     380  0.33500119132714E+01  0.84821428571442E+00  0.92919637228477E+00  0.19834025693841E-04
     381  0.33588277340958E+01  0.85044642857146E+00  0.93018267636606E+00  0.19678337616874E-04
     382  0.33676435549202E+01  0.85267857142854E+00  0.93116389248769E+00  0.19585420057805E-04
     383  0.33764593757446E+01  0.85491071428559E+00  0.93214734234771E+00  0.19423490250655E-04
     384  0.33852751965690E+01  0.85714285714296E+00  0.93312669702069E+00  0.19294477372469E-04
     385  0.33940910173934E+01  0.85937500000000E+00  0.93410869650197E+00  0.19167503527481E-04
     386  0.34029068382178E+01  0.86160714285704E+00  0.93508350613782E+00  0.19007836953788E-04
     387  0.34117226590422E+01  0.86383928571441E+00  0.93606058829223E+00  0.18879760077453E-04
     388  0.34205384798666E+01  0.86607142857145E+00  0.93703020913996E+00  0.18722684983581E-04
     389  0.34293543006910E+01  0.86830357142855E+00  0.93800322713148E+00  0.18557433990720E-04
     390  0.34381701215154E+01  0.87053571428560E+00  0.93897128125993E+00  0.18394745746693E-04
     391  0.34469859423398E+01  0.87276785714296E+00  0.93994016528423E+00  0.18258585223455E-04
     392  0.34558017631642E+01  0.87500000000000E+00  0.94090657513303E+00  0.18121473382152E-04
     393  0.34646175839886E+01  0.87723214285704E+00  0.94187090636417E+00  0.17960231756603E-04
     394  0.34734334048130E+01  0.87946428571440E+00  0.94283198006016E+00  0.17843383556486E-04
     395  0.34822492256374E+01  0.88169642857143E+00  0.94379171196192E+00  0.17694340488514E-04
     396  0.34910650464618E+01  0.88392857142857E+00  0.94474760462582E+00  0.17559148219254E-04
     397  0.34998808672862E+01  0.88616071428561E+00  0.94570219427567E+00  0.17383656505358E-04
     398  0.35086966881106E+01  0.88839285714296E+00  0.94665980877958E+00  0.17188345026064E-04
     399  0.35175125089350E+01  0.89062500000000E+00  0.94761009382942E+00  0.17044688474251E-04
     400  0.35263283297594E+01  0.89285714285704E+00  0.94856026253872E+00  0.16887107199221E-04
     401  0.35351441505838E+01  0.89508928571439E+00  0.94950832160621E+00  0.16698277795324E-04
     402  0.35439599714081E+01  0.89732142857142E+00  0.95045432532414E+00  0.16537963518743E-04
     403  0.35527757922325E+01  0.89955357142858E+00  0.95140447852136E+00  0.16404284992053E-04
     404  0.35615916130569E+01  0.90178571428562E+00  0.95235279353804E+00  0.16243813964041E-04
     405  0.35704074338813E+01  0.90401785714296E+00  0.95329751751003E+00  0.16075388487295E-04
     406  0.35792232547057E+01  0.90625000000000E+00  0.95423675020848E+00  0.15944482406043E-04
     407  0.35880390755301E+01  0.90848214285704E+00  0.95517445496783E+00  0.15804841202692E-04
     408  0.35968548963545E+01  0.91071428571437E+00  0.95611675130053E+00  0.15626494858288E-04
     409  0.36056707171789E+01  0.91294642857141E+00  0.95705635628872E+00  0.15444512456447E-04
     410  0.36144865380033E+01  0.91517857142859E+00  0.95798822075292E+00  0.15258338627545E-04
     411  0.36233023588277E+01  0.91741071428563E+00  0.95891706036306E+00  0.15088786678128E-04
     412  0.36321181796521E+01  0.91964285714297E+00  0.95985070095951E+00  0.14908591900689E-04
     413  0.36409340004765E+01  0.92187500000000E+00  0.96077989734731E+00  0.14715694061949E-04
     414  0.36497498213009E+01  0.92410714285703E+00  0.96170735638303E+00  0.14544145508920E-04
     415  0.36585656421253E+01  0.92633928571436E+00  0.96263412513154E+00  0.14296309602149E-04
     416  0.36673814629497E+01  0.92857142857140E+00  0.96355980027897E+00  0.14096918206532E-04
     417  0.36761972837741E+01  0.93080357142861E+00  0.96448376909846E+00  0.13910383478857E-04
     418  0.36850131045985E+01  0.93303571428564E+00  0.96540513188984E+00  0.13703365330571E-04
     419  0.36938289254229E+01  0.93526785714297E+00  0.96632719272447E+00  0.13462629866713E-04
     420  0.37026447462473E+01  0.93750000000000E+00  0.96725568331298E+00  0.13183160187040E-04
     421  0.37114605670717E+01  0.93973214285703E+00  0.96817305174579E+00  0.12951971573521E-04
     422  0.37202763878961E+01  0.94196428571435E+00  0.96908849668166E+00  0.12762782435002E-04
     423  0.37290922087205E+01  0.94419642857138E+00  0.97000297211302E+00  0.12538282872908E-04
     424  0.37379080295449E+01  0.94642857142862E+00  0.97091500439302E+00  0.12333865221341E-04
     425  0.37467238503693E+01  0.94866071428565E+00  0.97182463230184E+00  0.12067218218520E-04
     426  0.37555396711937E+01  0.95089285714297E+00  0.97273395772526E+00  0.11755806952700E-04
     427  0.37643554920181E+01  0.95312500000000E+00  0.97364262388561E+00  0.11518634719924E-04
     428  0.37731713128425E+01  0.95535714285703E+00  0.97455076263551E+00  0.11260502540742E-04
     429  0.37819871336669E+01  0.95758928571434E+00  0.97545349542828E+00  0.10992201802575E-04
     430  0.37908029544913E+01  0.95982142857137E+00  0.97636055608917E+00  0.10684007278563E-04
     431  0.37996187753157E+01  0.96205357142863E+00  0.97726021749166E+00  0.10399138386931E-04
     432  0.38084345961401E+01  0.96428571428566E+00  0.97816018137956E+00  0.10094519411144E-04
     433  0.38172504169645E+01  0.96651785714297E+00  0.97905752372727E+00  0.97891701016881E-05
     434  0.38260662377889E+01  0.96875000000000E+00  0.97995785214886E+00  0.94744398644356E-05
     435  0.38348820586133E+01  0.97098214285703E+00  0.98085207657007E+00  0.91376599424166E-05
     436  0.38436978794377E+01  0.97321428571434E+00  0.98174924828499E+00  0.88063819796176E-05
     437  0.38525137002621E+01  0.97544642857136E+00  0.98264078136169E+00  0.84284143243895E-05
     438  0.38613295210865E+01  0.97767857142864E+00  0.98353141473821E+00  0.80592006532394E-05
     439  0.38701453419109E+01  0.97991071428567E+00  0.98441917838138E+00  0.76500866799987E-05
     440  0.38789611627353E+01  0.98214285714298E+00  0.98530382409807E+00  0.72525712832726E-05
     441  0.38877769835597E+01  0.98437500000000E+00  0.98619930499712E+00  0.67804168849300E-05
     442  0.38965928043841E+01  0.98660714285702E+00  0.98708541660462E+00  0.62549972943557E-05
     443  0.39054086252085E+01  0.98883928571433E+00  0.98797252098473E+00  0.57389850024611E-05
     444  0.39142244460329E+01  0.99107142857135E+00  0.98885145825888E+00  0.51602860392016E-05
     445  0.39230402668573E+01  0.99330357142865E+00  0.98973257497915E+00  0.44619645136882E-05
     446  0.39318560876817E+01  0.99553571428568E+00  0.99061366067528E+00  0.36415981528442E-05
     447  0.39406719085061E+01  0.99776785714298E+00  0.99149213258726E+00  0.25981001346423E-05
     448  0.39494877293305E+01  0.10000000000000E+01  0.99237550631403E+00  0.00000000000000E+00