       1  0.12344299838016E-01  0.11219868813844E-02  0.22760457395409E-03  0.43245179167654E-06
       2  0.24688599676032E-01  0.22439737627687E-02  0.33068283772273E-03  0.70176550551193E-06
       3  0.37032899514048E-01  0.33659606441530E-02  0.45828562252137E-03  0.11031664147341E-05
       4  0.49377199352064E-01  0.44879475255375E-02  0.62777537284254E-03  0.17187759526842E-05
       5  0.61721499190080E-01  0.56099344069200E-02  0.86724946587164E-03  0.26810958259415E-05
       6  0.74065799028096E-01  0.67319212883060E-02  0.12177493820868E-02  0.42794393932394E-05
       7  0.86410098866112E-01  0.78539081696888E-02  0.17654600485952E-02  0.71077457642402E-05
       8  0.98754398704128E-01  0.89758950510750E-02  0.26773893080070E-02  0.11966338705920E-04
       9  0.11109869854214E+00  0.10097881932456E-01  0.42801834888008E-02  0.20723981751352E-04
      10  0.12344299838016E+00  0.11219868813840E-01  0.72115728683740E-02  0.35840187212522E-04
      11  0.13578729821818E+00  0.12341855695226E-01  0.12680131952396E-01  0.57499495911030E-04
      12  0.14813159805619E+00  0.13463842576612E-01  0.21952642800788E-01  0.77647877322862E-04
      13  0.16047589789421E+00  0.14585829457995E-01  0.34718436025038E-01  0.80306493549915E-04
      14  0.17282019773222E+00  0.15707816339378E-01  0.48647463937608E-01  0.67278253543209E-04
      15  0.18516449757024E+00  0.16829803220761E-01  0.62188136022943E-01  0.57759455827543E-04
      16  0.19750879740826E+00  0.17951790102150E-01  0.75347216161398E-01  0.51943962828472E-04
      17  0.20985309724627E+00  0.19073776983532E-01  0.88305790885257E-01  0.48081824068798E-04
      18  0.22219739708429E+00  0.20195763864912E-01  0.10103494460600E+00  0.45286462882219E-04
      19  0.23454169692230E+00  0.21317750746304E-01  0.11344917423930E+00  0.43344417142986E-04
      20  0.24688599676032E+00  0.22439737627680E-01  0.12560918015661E+00  0.41936824747046E-04
      21  0.25923029659834E+00  0.23561724509072E-01  0.13742685190680E+00  0.40839018786768E-04
      22  0.27157459643635E+00  0.24683711390452E-01  0.14886796098245E+00  0.39744238587275E-04
      23  0.28391889627437E+00  0.25805698271831E-01  0.15998622023020E+00  0.38749575699129E-04
      24  0.29626319611238E+00  0.26927685153224E-01  0.17081478902803E+00  0.37751996252265E-04
      25  0.30860749595040E+00  0.28049672034603E-01  0.18129818719279E+00  0.37142577384991E-04
      26  0.32095179578842E+00  0.29171658915989E-01  0.19148133998143E+00  0.36670845677423E-04
      27  0.33329609562643E+00  0.30293645797372E-01  0.20137111491440E+00  0.36287064207944E-04
      28  0.34564039546445E+00  0.31415632678755E-01  0.21098518535650E+00  0.36260121897526E-04
      29  0.35798469530246E+00  0.32537619560137E-01  0.22035037227525E+00  0.36416839261340E-04
      30  0.37032899514048E+00  0.33659606441522E-01  0.22950426429928E+00  0.36417802763127E-04
      31  0.38267329497850E+00  0.34781593322914E-01  0.23838792839364E+00  0.36450068439123E-04
      32  0.39501759481651E+00  0.35903580204300E-01  0.24704874444925E+00  0.36606940425263E-04
      33  0.40736189465453E+00  0.37025567085668E-01  0.25551524076796E+00  0.36706742984307E-04
      34  0.41970619449254E+00  0.38147553967064E-01  0.26377013672639E+00  0.36777162867695E-04
      35  0.43205049433056E+00  0.39269540848451E-01  0.27178896780568E+00  0.36595955609958E-04
      36  0.44439479416858E+00  0.40391527729824E-01  0.27965486427729E+00  0.36612696301151E-04
      37  0.45673909400659E+00  0.41513514611211E-01  0.28731429875580E+00  0.36401002650809E-04
      38  0.46908339384461E+00  0.42635501492607E-01  0.29479261397357E+00  0.36410840997485E-04
      39  0.48142769368262E+00  0.43757488373972E-01  0.30208117507366E+00  0.36189625190415E-04
      40  0.49377199352064E+00  0.44879475255360E-01  0.30921846526246E+00  0.36314630853400E-04
      41  0.50611629335865E+00  0.46001462136755E-01  0.31621544857182E+00  0.36070364731505E-04
      42  0.51846059319667E+00  0.47123449018144E-01  0.32303706737348E+00  0.36295213988958E-04
      43  0.53080489303469E+00  0.48245435899514E-01  0.32969371295139E+00  0.36293338279805E-04
      44  0.54314919287270E+00  0.49367422780904E-01  0.33622390669511E+00  0.36298303788211E-04
      45  0.55549349271072E+00  0.50489409662294E-01  0.34262023015521E+00  0.36179977028907E-04
      46  0.56783779254873E+00  0.51611396543662E-01  0.34888329971758E+00  0.36298069372674E-04
      47  0.58018209238675E+00  0.52733383425054E-01  0.35502016290915E+00  0.36039881415644E-04
      48  0.59252639222477E+00  0.53855370306448E-01  0.36101680104242E+00  0.36098769527765E-04
      49  0.60487069206278E+00  0.54977357187834E-01  0.36690546255341E+00  0.36137980148082E-04
      50  0.61721499190080E+00  0.56099344069205E-01  0.37265425901909E+00  0.36335856445002E-04
      51  0.62955929173881E+00  0.57221330950596E-01  0.37830701383846E+00  0.36202988681741E-04
      52  0.64190359157683E+00  0.58343317831978E-01  0.38385028652670E+00  0.36295784724687E-04
      53  0.65424789141485E+00  0.59465304713361E-01  0.38929318650331E+00  0.36153068235108E-04
      54  0.66659219125286E+00  0.60587291594743E-01  0.39462638070435E+00  0.35891289348938E-04
      55  0.67893649109088E+00  0.61709278476124E-01  0.39987077715676E+00  0.35943544642107E-04
      56  0.69128079092889E+00  0.62831265357510E-01  0.40501072075036E+00  0.35999944827932E-04
      57  0.70362509076691E+00  0.63953252238891E-01  0.41006372120769E+00  0.36052026315979E-04
      58  0.71596939060493E+00  0.65075239120275E-01  0.41505150476701E+00  0.36023845040597E-04
      59  0.72831369044294E+00  0.66197226001680E-01  0.41992909707870E+00  0.35788042333517E-04
      60  0.74065799028096E+00  0.67319212883043E-01  0.42474664358802E+00  0.35642304478691E-04
      61  0.75300229011897E+00  0.68441199764421E-01  0.42947521779695E+00  0.35586346177926E-04
      62  0.76534658995699E+00  0.69563186645829E-01  0.43413154394515E+00  0.35495259035517E-04
      63  0.77769088979501E+00  0.70685173527189E-01  0.43869217209581E+00  0.35504229380596E-04
      64  0.79003518963302E+00  0.71807160408600E-01  0.44317708842443E+00  0.35363545785859E-04
      65  0.80237948947104E+00  0.72929147289981E-01  0.44759229314745E+00  0.35347158883249E-04
      66  0.81472378930905E+00  0.74051134171337E-01  0.45194586473810E+00  0.35209740575095E-04
      67  0.82706808914707E+00  0.75173121052749E-01  0.45624499800138E+00  0.35280675107580E-04
      68  0.83941238898509E+00  0.76295107934129E-01  0.46047335598433E+00  0.35188184446514E-04
      69  0.85175668882310E+00  0.77417094815501E-01  0.46463190417633E+00  0.35090053506158E-04
      70  0.86410098866112E+00  0.78539081696902E-01  0.46872266083198E+00  0.34911998744840E-04
      71  0.87644528849913E+00  0.79661068578275E-01  0.47274290948968E+00  0.34729006714792E-04
      72  0.88878958833715E+00  0.80783055459648E-01  0.47671144173637E+00  0.34628558127460E-04
      73  0.90113388817517E+00  0.81905042341051E-01  0.48064315992781E+00  0.34587881372402E-04
      74  0.91347818801318E+00  0.83027029222422E-01  0.48449400065631E+00  0.34523371317459E-04
      75  0.92582248785120E+00  0.84149016103798E-01  0.48829489231030E+00  0.34531995177273E-04
      76  0.93816678768921E+00  0.85271002985215E-01  0.49203668183230E+00  0.34558038082806E-04
      77  0.95051108752723E+00  0.86392989866569E-01  0.49573064962925E+00  0.34494553295610E-04
      78  0.96285538736525E+00  0.87514976747944E-01  0.49936440252681E+00  0.34495533562869E-04
      79  0.97519968720326E+00  0.88636963629363E-01  0.50295830307770E+00  0.34511893590764E-04
      80  0.98754398704128E+00  0.89758950510720E-01  0.50649774348224E+00  0.34522466906864E-04
      81  0.99988828687929E+00  0.90880937392140E-01  0.50998603476896E+00  0.34433467061718E-04
      82  0.10122325867173E+01  0.92002924273510E-01  0.51343666651539E+00  0.34299106059903E-04
      83  0.10245768865553E+01  0.93124911154867E-01  0.51682449781461E+00  0.34258059689155E-04
      84  0.10369211863933E+01  0.94246898036289E-01  0.52018873735373E+00  0.34208370959229E-04
      85  0.10492654862314E+01  0.95368884917660E-01  0.52349953678329E+00  0.34091305560461E-04
      86  0.10616097860694E+01  0.96490871799028E-01  0.52677076205803E+00  0.34102914738280E-04
      87  0.10739540859074E+01  0.97612858680440E-01  0.52999239281650E+00  0.33947749644864E-04
      88  0.10862983857454E+01  0.98734845561807E-01  0.53319563563893E+00  0.33813393086000E-04
      89  0.10986426855834E+01  0.99856832443174E-01  0.53635247496928E+00  0.33834696868389E-04
      90  0.11109869854214E+01  0.10097881932459E+00  0.53946480360310E+00  0.33838015781372E-04
      91  0.11233312852595E+01  0.10210080620595E+00  0.54254205278969E+00  0.33947474757050E-04
      92  0.11356755850975E+01  0.10322279308732E+00  0.54557718045684E+00  0.33976222078543E-04
      93  0.11480198849355E+01  0.10434477996873E+00  0.54858351253980E+00  0.34033807357227E-04
      94  0.11603641847735E+01  0.10546676685011E+00  0.55154621213973E+00  0.34069403810062E-04
      95  0.11727084846115E+01  0.10658875373148E+00  0.55447893247640E+00  0.34058564289077E-04
      96  0.11850527844495E+01  0.10771074061290E+00  0.55737892435974E+00  0.34071862562953E-04
      97  0.11973970842875E+01  0.10883272749425E+00  0.56024334041432E+00  0.33976459712353E-04
      98  0.12097413841256E+01  0.10995471437567E+00  0.56307744446636E+00  0.33893572346208E-04
      99  0.12220856839636E+01  0.11107670125703E+00  0.56587720546138E+00  0.33897576452687E-04
     100  0.12344299838016E+01  0.11219868813841E+00  0.56865213646980E+00  0.33794647622751E-04
     101  0.12467742836396E+01  0.11332067501982E+00  0.57138249677952E+00  0.33780323919258E-04
     102  0.12591185834776E+01  0.11444266190119E+00  0.57409424550878E+00  0.33710654657577E-04
     103  0.12714628833156E+01  0.11556464878256E+00  0.57677189664442E+00  0.33652625537892E-04
     104  0.12838071831537E+01  0.11668663566396E+00  0.57942247043966E+00  0.33573929162611E-04
     105  0.12961514829917E+01  0.11780862254532E+00  0.58203841753128E+00  0.33563182503051E-04
     106  0.13084957828297E+01  0.11893060942672E+00  0.58463574758769E+00  0.33524740562385E-04
     107  0.13208400826677E+01  0.12005259630812E+00  0.58720059465418E+00  0.33507355783362E-04
     108  0.13331843825057E+01  0.12117458318949E+00  0.58974390094363E+00  0.33398548480704E-04
     109  0.13455286823437E+01  0.12229657007085E+00  0.59225884802826E+00  0.33377352442185E-04
     110  0.13578729821818E+01  0.12341855695225E+00  0.59474624320994E+00  0.33329901734970E-04
     111  0.13702172820198E+01  0.12454054383366E+00  0.59720939751718E+00  0.33280300284700E-04
     112  0.13825615818578E+01  0.12566253071502E+00  0.59964536538918E+00  0.33279478584184E-04
     113  0.13949058816958E+01  0.12678451759643E+00  0.60205617599006E+00  0.33267777720542E-04
     114  0.14072501815338E+01  0.12790650447778E+00  0.60444253298155E+00  0.33270950218705E-04
     115  0.14195944813718E+01  0.12902849135914E+00  0.60679713246383E+00  0.33265041675991E-04
     116  0.14319387812099E+01  0.13015047824055E+00  0.60913342037647E+00  0.33295786944146E-04
     117  0.14442830810479E+01  0.13127246512196E+00  0.61146185346031E+00  0.33244217814202E-04
     118  0.14566273808859E+01  0.13239445200336E+00  0.61375977817091E+00  0.33259449285993E-04
     119  0.14689716807239E+01  0.13351643888472E+00  0.61603183649388E+00  0.33208714467072E-04
     120  0.14813159805619E+01  0.13463842576609E+00  0.61827234458785E+00  0.33168720493518E-04
     121  0.14936602803999E+01  0.13576041264748E+00  0.62050650336187E+00  0.33145673961971E-04
     122  0.15060045802379E+01  0.13688239952884E+00  0.62272537794818E+00  0.32958256326831E-04
     123  0.15183488800760E+01  0.13800438641026E+00  0.62492096078520E+00  0.32927161857416E-04
     124  0.15306931799140E+01  0.13912637329166E+00  0.62708141508232E+00  0.32949907000875E-04
     125  0.15430374797520E+01  0.14024836017302E+00  0.62923281996209E+00  0.32879370175801E-04
     126  0.15553817795900E+01  0.14137034705438E+00  0.63135528743437E+00  0.32811555175515E-04
     127  0.15677260794280E+01  0.14249233393577E+00  0.63346473443697E+00  0.32701169527479E-04
     128  0.15800703792660E+01  0.14361432081720E+00  0.63554725137721E+00  0.32685933194288E-04
     129  0.15924146791041E+01  0.14473630769856E+00  0.63762479359255E+00  0.32608679230559E-04
     130  0.16047589789421E+01  0.14585829457996E+00  0.63968402969300E+00  0.32594541205211E-04
     131  0.16171032787801E+01  0.14698028146131E+00  0.64172114135899E+00  0.32541076904552E-04
     132  0.16294475786181E+01  0.14810226834267E+00  0.64373336849097E+00  0.32509167382813E-04
     133  0.16417918784561E+01  0.14922425522407E+00  0.64573253151532E+00  0.32567133565215E-04
     134  0.16541361782941E+01  0.15034624210550E+00  0.64771517758022E+00  0.32496359481125E-04
     135  0.16664804781322E+01  0.15146822898690E+00  0.64968642868863E+00  0.32434449407572E-04
     136  0.16788247779702E+01  0.15259021586826E+00  0.65163472078702E+00  0.32367130809063E-04
     137  0.16911690778082E+01  0.15371220274961E+00  0.65357220158633E+00  0.32262102291948E-04
     138  0.17035133776462E+01  0.15483418963100E+00  0.65548329234276E+00  0.32235204888580E-04
     139  0.17158576774842E+01  0.15595617651236E+00  0.65738111171138E+00  0.32215579525483E-04
     140  0.17282019773222E+01  0.15707816339380E+00  0.65926184682735E+00  0.32151897307028E-04
     141  0.17405462771603E+01  0.15820015027519E+00  0.66111809015074E+00  0.32088401160957E-04
     142  0.17528905769983E+01  0.15932213715655E+00  0.66297619899598E+00  0.32065451929380E-04
     143  0.17652348768363E+01  0.16044412403791E+00  0.66481417438767E+00  0.32024495868891E-04
     144  0.17775791766743E+01  0.16156611091930E+00  0.66663816927505E+00  0.31883854953366E-04
     145  0.17899234765123E+01  0.16268809780074E+00  0.66845177833324E+00  0.31818544536894E-04
     146  0.18022677763503E+01  0.16381008468210E+00  0.67024347023718E+00  0.31803250168227E-04
     147  0.18146120761883E+01  0.16493207156349E+00  0.67201671965767E+00  0.31791974803541E-04
     148  0.18269563760264E+01  0.16605405844484E+00  0.67377661586920E+00  0.31703854628579E-04
     149  0.18393006758644E+01  0.16717604532620E+00  0.67553280831076E+00  0.31692948391628E-04
     150  0.18516449757024E+01  0.16829803220760E+00  0.67726969096485E+00  0.31661548046830E-04
     151  0.18639892755404E+01  0.16942001908904E+00  0.67898952754950E+00  0.31635399858965E-04
     152  0.18763335753784E+01  0.17054200597043E+00  0.68069212169399E+00  0.31591011760644E-04
     153  0.18886778752164E+01  0.17166399285179E+00  0.68238371362342E+00  0.31603448960537E-04
     154  0.19010221750545E+01  0.17278597973314E+00  0.68406185415852E+00  0.31562228597091E-04
     155  0.19133664748925E+01  0.17390796661453E+00  0.68572087582214E+00  0.31474323789830E-04
     156  0.19257107747305E+01  0.17502995349589E+00  0.68737824469886E+00  0.31456772617609E-04
     157  0.19380550745685E+01  0.17615194037734E+00  0.68901507647112E+00  0.31357900022071E-04
     158  0.19503993744065E+01  0.17727392725873E+00  0.69064893540887E+00  0.31226323880992E-04
     159  0.19627436742445E+01  0.17839591414008E+00  0.69226420458513E+00  0.31247870420758E-04
     160  0.19750879740826E+01  0.17951790102144E+00  0.69387000978363E+00  0.31249263232575E-04
     161  0.19874322739206E+01  0.18063988790282E+00  0.69546281633141E+00  0.31204896872643E-04
     162  0.19997765737586E+01  0.18176187478428E+00  0.69704463157362E+00  0.31218520956148E-04
     163  0.20121208735966E+01  0.18288386166564E+00  0.69861332270604E+00  0.31216370614614E-04
     164  0.20244651734346E+01  0.18400584854702E+00  0.70017191711061E+00  0.31132189061211E-04
     165  0.20368094732726E+01  0.18512783542838E+00  0.70172140209567E+00  0.31092820921874E-04
     166  0.20491537731107E+01  0.18624982230973E+00  0.70325282097449E+00  0.31028815816446E-04
     167  0.20614980729487E+01  0.18737180919112E+00  0.70477433404143E+00  0.31011140188883E-04
     168  0.20738423727867E+01  0.18849379607258E+00  0.70628562492145E+00  0.31011966486489E-04
     169  0.20861866726247E+01  0.18961578295396E+00  0.70778924097917E+00  0.30981141779969E-04
     170  0.20985309724627E+01  0.19073776983532E+00  0.70927807468546E+00  0.30993930729231E-04
     171  0.21108752723007E+01  0.19185975671667E+00  0.71076404465208E+00  0.31029541856198E-04
     172  0.21232195721387E+01  0.19298174359806E+00  0.71223415768307E+00  0.31016071634746E-04
     173  0.21355638719768E+01  0.19410373047941E+00  0.71369019747912E+00  0.30967811906820E-04
     174  0.21479081718148E+01  0.19522571736088E+00  0.71513795152174E+00  0.30815591278502E-04
     175  0.21602524716528E+01  0.19634770424226E+00  0.71656897586997E+00  0.30796629382488E-04
     176  0.21725967714908E+01  0.19746969112361E+00  0.71799406545865E+00  0.30775600047246E-04
     177  0.21849410713288E+01  0.19859167800497E+00  0.71941033472917E+00  0.30749682064136E-04
     178  0.21972853711668E+01  0.19971366488635E+00  0.72082284568229E+00  0.30725901935319E-04
     179  0.22096296710049E+01  0.20083565176782E+00  0.72222690723971E+00  0.30647121720660E-04
     180  0.22219739708429E+01  0.20195763864918E+00  0.72361944838156E+00  0.30592701112149E-04
     181  0.22343182706809E+01  0.20307962553055E+00  0.72499172515605E+00  0.30546295911038E-04
     182  0.22466625705189E+01  0.20420161241191E+00  0.72636216368241E+00  0.30463609551649E-04
     183  0.22590068703569E+01  0.20532359929327E+00  0.72772672199666E+00  0.30463696189788E-04
     184  0.22713511701949E+01  0.20644558617465E+00  0.72907887622710E+00  0.30459845734826E-04
     185  0.22836954700330E+01  0.20756757305611E+00  0.73042750123932E+00  0.30427229790688E-04
     186  0.22960397698710E+01  0.20868955993746E+00  0.73176024204219E+00  0.30405602020440E-04
     187  0.23083840697090E+01  0.20981154681885E+00  0.73308091695526E+00  0.30373111767310E-04
     188  0.23207283695470E+01  0.21093353370021E+00  0.73439367158263E+00  0.30382178672659E-04
     189  0.23330726693850E+01  0.21205552058158E+00  0.73569384211969E+00  0.30360688284115E-04
     190  0.23454169692230E+01  0.21317750746295E+00  0.73699196712841E+00  0.30272301367024E-04
     191  0.23577612690611E+01  0.21429949434439E+00  0.73828027360114E+00  0.30295256546533E-04
     192  0.23701055688991E+01  0.21542148122579E+00  0.73955783968644E+00  0.30248460206702E-04
     193  0.23824498687371E+01  0.21654346810713E+00  0.74083216020011E+00  0.30188672535294E-04
     194  0.23947941685751E+01  0.21766545498850E+00  0.74209845133323E+00  0.30172691135475E-04
     195  0.24071384684131E+01  0.21878744186990E+00  0.74335161835656E+00  0.30072704923783E-04
     196  0.24194827682511E+01  0.21990942875133E+00  0.74459018303497E+00  0.30070265430704E-04
     197  0.24318270680891E+01  0.22103141563271E+00  0.74582834951719E+00  0.30041855465660E-04
     198  0.24441713679272E+01  0.22215340251406E+00  0.74706197765388E+00  0.29984164063834E-04
     199  0.24565156677652E+01  0.22327538939544E+00  0.74828362172192E+00  0.29947517803133E-04
     200  0.24688599676032E+01  0.22439737627682E+00  0.74949677275631E+00  0.29873852182220E-04
     201  0.24812042674412E+01  0.22551936315818E+00  0.75070091801130E+00  0.29787876131598E-04
     202  0.24935485672792E+01  0.22664135003965E+00  0.75189993035385E+00  0.29775865363680E-04
     203  0.25058928671172E+01  0.22776333692098E+00  0.75309337885934E+00  0.29760371615590E-04
     204  0.25182371669553E+01  0.22888532380239E+00  0.75427692155295E+00  0.29746929201522E-04
     205  0.25305814667933E+01  0.23000731068376E+00  0.75545050388727E+00  0.29745492244270E-04
     206  0.25429257666313E+01  0.23112929756511E+00  0.75661838601596E+00  0.29722275565645E-04
     207  0.25552700664693E+01  0.23225128444650E+00  0.75777828240204E+00  0.29680983833236E-04
     208  0.25676143663073E+01  0.23337327132791E+00  0.75893380953960E+00  0.29644553705077E-04
     209  0.25799586661453E+01  0.23449525820932E+00  0.76008070727497E+00  0.29656505268457E-04
     210  0.25923029659834E+01  0.23561724509065E+00  0.76121687553238E+00  0.29605785913832E-04
     211  0.26046472658214E+01  0.23673923197203E+00  0.76234971094230E+00  0.29572773278333E-04
     212  0.26169915656594E+01  0.23786121885344E+00  0.76348152086068E+00  0.29498382916386E-04
     213  0.26293358654974E+01  0.23898320573476E+00  0.76460533412696E+00  0.29456221845578E-04
     214  0.26416801653354E+01  0.24010519261625E+00  0.76571702695603E+00  0.29448703950092E-04
     215  0.26540244651734E+01  0.24122717949758E+00  0.76682439417451E+00  0.29439558468176E-04
     216  0.26663687650115E+01  0.24234916637897E+00  0.76792872855632E+00  0.29441795950390E-04
     217  0.26787130648495E+01  0.24347115326037E+00  0.76902430807686E+00  0.29377343384544E-04
     218  0.26910573646875E+01  0.24459314014170E+00  0.77011490741775E+00  0.29372873197875E-04
     219  0.27034016645255E+01  0.24571512702319E+00  0.77118681881179E+00  0.29412418878734E-04
     220  0.27157459643635E+01  0.24683711390450E+00  0.77226226487879E+00  0.29341395136460E-04
     221  0.27280902642015E+01  0.24795910078592E+00  0.77332677418764E+00  0.29312342281311E-04
     222  0.27404345640395E+01  0.24908108766731E+00  0.77438546328653E+00  0.29226729529113E-04
     223  0.27527788638776E+01  0.25020307454864E+00  0.77544287597574E+00  0.29181774467595E-04
     224  0.27651231637156E+01  0.25132506143004E+00  0.77649926317342E+00  0.29145043835968E-04
     225  0.27774674635536E+01  0.25244704831143E+00  0.77754373175934E+00  0.29123020582376E-04
     226  0.27898117633916E+01  0.25356903519286E+00  0.77858249468490E+00  0.29120249382925E-04
     227  0.28021560632296E+01  0.25469102207416E+00  0.77961753202152E+00  0.29119910593114E-04
     228  0.28145003630676E+01  0.25581300895556E+00  0.78063923251341E+00  0.29078496746906E-04
     229  0.28268446629057E+01  0.25693499583699E+00  0.78166279307239E+00  0.29088374030582E-04
     230  0.28391889627437E+01  0.25805698271829E+00  0.78267981339545E+00  0.29054183802505E-04
     231  0.28515332625817E+01  0.25917896959978E+00  0.78369020620671E+00  0.28976601544910E-04
     232  0.28638775624197E+01  0.26030095648110E+00  0.78469486608390E+00  0.28942603320715E-04
     233  0.28762218622577E+01  0.26142294336250E+00  0.78569374938907E+00  0.28864727556167E-04
     234  0.28885661620957E+01  0.26254493024391E+00  0.78668482150338E+00  0.28844523829077E-04
     235  0.29009104619338E+01  0.26366691712523E+00  0.78766868790321E+00  0.28802844215374E-04
     236  0.29132547617718E+01  0.26478890400672E+00  0.78864494493765E+00  0.28783828276935E-04
     237  0.29255990616098E+01  0.26591089088802E+00  0.78961943463561E+00  0.28768404270616E-04
     238  0.29379433614478E+01  0.26703287776945E+00  0.79058852413876E+00  0.28752008046091E-04
     239  0.29502876612858E+01  0.26815486465086E+00  0.79155122613878E+00  0.28735525492996E-04
     240  0.29626319611238E+01  0.26927685153217E+00  0.79251528091486E+00  0.28671247908894E-04
     241  0.29749762609619E+01  0.27039883841358E+00  0.79347436642078E+00  0.28642501921885E-04
     242  0.29873205607999E+01  0.27152082529496E+00  0.79442932268684E+00  0.28619122454976E-04
     243  0.29996648606379E+01  0.27264281217639E+00  0.79537328219258E+00  0.28579320917916E-04
     244  0.30120091604759E+01  0.27376479905768E+00  0.79630644676346E+00  0.28578382570669E-04
     245  0.30243534603139E+01  0.27488678593910E+00  0.79724135139711E+00  0.28507714408250E-04
     246  0.30366977601519E+01  0.27600877282053E+00  0.79816744116733E+00  0.28479336035460E-04
     247  0.30490420599899E+01  0.27713075970182E+00  0.79909222179942E+00  0.28461286332764E-04
     248  0.30613863598280E+01  0.27825274658332E+00  0.80001024400589E+00  0.28380938565470E-04
     249  0.30737306596660E+01  0.27937473346462E+00  0.80092171506696E+00  0.28347863981090E-04
     250  0.30860749595040E+01  0.28049672034604E+00  0.80182318213079E+00  0.28356199409859E-04
     251  0.30984192593420E+01  0.28161870722746E+00  0.80272551104389E+00  0.28323911352638E-04
     252  0.31107635591800E+01  0.28274069410876E+00  0.80362362344125E+00  0.28316132376874E-04
     253  0.31231078590180E+01  0.28386268099026E+00  0.80451562652733E+00  0.28287838444652E-04
     254  0.31354521588561E+01  0.28498466787154E+00  0.80540233305871E+00  0.28269815310142E-04
     255  0.31477964586941E+01  0.28610665475298E+00  0.80628260844900E+00  0.28269642123492E-04
     256  0.31601407585321E+01  0.28722864163440E+00  0.80715483263978E+00  0.28277746673963E-04
     257  0.31724850583701E+01  0.28835062851568E+00  0.80802707864953E+00  0.28221045413428E-04
     258  0.31848293582081E+01  0.28947261539712E+00  0.80889144255676E+00  0.28156337725613E-04
     259  0.31971736580461E+01  0.29059460227848E+00  0.80975360820289E+00  0.28091149928638E-04
     260  0.32095179578842E+01  0.29171658915992E+00  0.81061352649521E+00  0.28057708310292E-04
     261  0.32218622577222E+01  0.29283857604120E+00  0.81146523540049E+00  0.28015935732630E-04
     262  0.32342065575602E+01  0.29396056292262E+00  0.81231473513517E+00  0.28014716311327E-04
     263  0.32465508573982E+01  0.29508254980407E+00  0.81315573638147E+00  0.27954480724003E-04
     264  0.32588951572362E+01  0.29620453668535E+00  0.81399779039302E+00  0.27872538626088E-04
     265  0.32712394570742E+01  0.29732652356685E+00  0.81483597699233E+00  0.27832436515102E-04
     266  0.32835837569122E+01  0.29844851044814E+00  0.81567232534352E+00  0.27830419105120E-04
     267  0.32959280567503E+01  0.29957049732957E+00  0.81649282766855E+00  0.27787930593747E-04
     268  0.33082723565883E+01  0.30069248421100E+00  0.81731284452152E+00  0.27768086282860E-04
     269  0.33206166564263E+01  0.30181447109229E+00  0.81813009036544E+00  0.27765757414122E-04
     270  0.33329609562643E+01  0.30293645797379E+00  0.81894874353286E+00  0.27700584702885E-04
     271  0.33453052561023E+01  0.30405844485507E+00  0.81976048008714E+00  0.27663662240928E-04
     272  0.33576495559403E+01  0.30518043173651E+00  0.82056852378093E+00  0.27624815291768E-04
     273  0.33699938557784E+01  0.30630241861794E+00  0.82137204003868E+00  0.27610542142305E-04
     274  0.33823381556164E+01  0.30742440549921E+00  0.82217102340564E+00  0.27626008937882E-04
     275  0.33946824554544E+01  0.30854639238066E+00  0.82296605753924E+00  0.27623439307331E-04
     276  0.34070267552924E+01  0.30966837926201E+00  0.82375755154513E+00  0.27569272036712E-04
     277  0.34193710551304E+01  0.31079036614346E+00  0.82454282714489E+00  0.27503261468935E-04
     278  0.34317153549684E+01  0.31191235302473E+00  0.82532576266024E+00  0.27508656973070E-04
     279  0.34440596548065E+01  0.31303433990616E+00  0.82610810360868E+00  0.27478402710819E-04
     280  0.34564039546445E+01  0.31415632678761E+00  0.82688462434718E+00  0.27453915685909E-04
     281  0.34687482544825E+01  0.31527831366888E+00  0.82765539033263E+00  0.27440454276612E-04
     282  0.34810925543205E+01  0.31640030055038E+00  0.82841966517483E+00  0.27421399550224E-04
     283  0.34934368541585E+01  0.31752228743167E+00  0.82918369455364E+00  0.27386566641849E-04
     284  0.35057811539965E+01  0.31864427431310E+00  0.82994319104166E+00  0.27329557362165E-04
     285  0.35181254538346E+01  0.31976626119454E+00  0.83070317300173E+00  0.27288195192111E-04
     286  0.35304697536726E+01  0.32088824807582E+00  0.83145428009621E+00  0.27254274947795E-04
     287  0.35428140535106E+01  0.32201023495733E+00  0.83220267618381E+00  0.27243247144782E-04
     288  0.35551583533486E+01  0.32313222183859E+00  0.83294575935248E+00  0.27169146573637E-04
     289  0.35675026531866E+01  0.32425420872005E+00  0.83368823704477E+00  0.27133175252285E-04
     290  0.35798469530246E+01  0.32537619560148E+00  0.83442806373234E+00  0.27116074302693E-04
     291  0.35921912528626E+01  0.32649818248275E+00  0.83516201020779E+00  0.27048982546278E-04
     292  0.36045355527007E+01  0.32762016936420E+00  0.83589774038394E+00  0.27048671983100E-04
     293  0.36168798525387E+01  0.32874215624553E+00  0.83662195559927E+00  0.27047914136313E-04
     294  0.36292241523767E+01  0.32986414312699E+00  0.83734638900429E+00  0.27051426313804E-04
     295  0.36415684522147E+01  0.33098613000825E+00  0.83806655134614E+00  0.27010502691356E-04
     296  0.36539127520527E+01  0.33210811688969E+00  0.83878749917088E+00  0.26983025246379E-04
     297  0.36662570518907E+01  0.33323010377115E+00  0.83949773388189E+00  0.26947077654662E-04
     298  0.36786013517288E+01  0.33435209065241E+00  0.84020922318361E+00  0.26905086691213E-04
     299  0.36909456515668E+01  0.33547407753392E+00  0.84091488682064E+00  0.26913227871032E-04
     300  0.37032899514048E+01  0.33659606441519E+00  0.84161583210565E+00  0.26869556428269E-04
     301  0.37156342512428E+01  0.33771805129663E+00  0.84231557734737E+00  0.26827769936544E-04
     302  0.37279785510808E+01  0.33884003817808E+00  0.84301158063593E+00  0.26809006120044E-04
     303  0.37403228509188E+01  0.33996202505935E+00  0.84370847850221E+00  0.26777209908093E-04
     304  0.37526671507569E+01  0.34108401194086E+00  0.84439671969258E+00  0.26721289280682E-04
     305  0.37650114505949E+01  0.34220599882212E+00  0.84508277353132E+00  0.26719198420097E-04
     306  0.37773557504329E+01  0.34332798570358E+00  0.84576263078290E+00  0.26706003152582E-04
     307  0.37897000502709E+01  0.34444997258502E+00  0.84644376989890E+00  0.26688067068217E-04
     308  0.38020443501089E+01  0.34557195946628E+00  0.84712250347358E+00  0.26657760216645E-04
     309  0.38143886499469E+01  0.34669394634774E+00  0.84779609868109E+00  0.26669056843306E-04
     310  0.38267329497850E+01  0.34781593322906E+00  0.84846859203067E+00  0.26669730737643E-04
     311  0.38390772496230E+01  0.34893792011052E+00  0.84913404876278E+00  0.26640428737236E-04
     312  0.38514215494610E+01  0.35005990699177E+00  0.84979928730520E+00  0.26608765145785E-04
     313  0.38637658492990E+01  0.35118189387322E+00  0.85045813834448E+00  0.26609841344219E-04
     314  0.38761101491370E+01  0.35230388075468E+00  0.85111732212304E+00  0.26594576607912E-04
     315  0.38884544489750E+01  0.35342586763594E+00  0.85177502766645E+00  0.26599670216297E-04
     316  0.39007987488130E+01  0.35454785451745E+00  0.85242739847197E+00  0.26556641551686E-04
     317  0.39131430486511E+01  0.35566984139871E+00  0.85307031075448E+00  0.26557147109055E-04
     318  0.39254873484891E+01  0.35679182828017E+00  0.85372035783982E+00  0.26490298585752E-04
     319  0.39378316483271E+01  0.35791381516162E+00  0.85437030673979E+00  0.26414388148316E-04
     320  0.39501759481651E+01  0.35903580204288E+00  0.85501307174426E+00  0.26403987547928E-04
     321  0.39625202480031E+01  0.36015778892439E+00  0.85565069292681E+00  0.26424169413872E-04
     322  0.39748645478411E+01  0.36127977580564E+00  0.85628579401846E+00  0.26377376176975E-04
     323  0.39872088476792E+01  0.36240176268711E+00  0.85691730588973E+00  0.26335708780862E-04
     324  0.39995531475172E+01  0.36352374956856E+00  0.85754402304258E+00  0.26315367738274E-04
     325  0.40118974473552E+01  0.36464573644981E+00  0.85817000380523E+00  0.26209312549546E-04
     326  0.40242417471932E+01  0.36576772333128E+00  0.85878883340083E+00  0.26180728378875E-04
     327  0.40365860470312E+01  0.36688971021258E+00  0.85941167768670E+00  0.26130721678449E-04
     328  0.40489303468692E+01  0.36801169709404E+00  0.86002932360324E+00  0.26116394770285E-04
     329  0.40612746467073E+01  0.36913368397530E+00  0.86064476580392E+00  0.26096534430856E-04
     330  0.40736189465453E+01  0.37025567085675E+00  0.86125979889893E+00  0.26068112050813E-04
     331  0.40859632463833E+01  0.37137765773822E+00  0.86186388978104E+00  0.26044818154611E-04
     332  0.40983075462213E+01  0.37249964461947E+00  0.86247015165056E+00  0.26008376356944E-04
     333  0.41106518460593E+01  0.37362163150098E+00  0.86307360978258E+00  0.25959958376927E-04
     334  0.41229961458973E+01  0.37474361838224E+00  0.86367506602420E+00  0.25902730892566E-04
     335  0.41353404457354E+01  0.37586560526370E+00  0.86427036386185E+00  0.25868093773934E-04
     336  0.41476847455734E+01  0.37698759214515E+00  0.86486412346220E+00  0.25852676700360E-04
     337  0.41600290454114E+01  0.37810957902641E+00  0.86545977585810E+00  0.25791538623664E-04
     338  0.41723733452494E+01  0.37923156590793E+00  0.86604967350095E+00  0.25755449684109E-04
     339  0.41847176450874E+01  0.38035355278917E+00  0.86663866020185E+00  0.25709992257255E-04
     340  0.41970619449254E+01  0.38147553967064E+00  0.86722069756116E+00  0.25698096836527E-04
     341  0.42094062447634E+01  0.38259752655210E+00  0.86780286037955E+00  0.25646897806628E-04
     342  0.42217505446015E+01  0.38371951343334E+00  0.86838586322823E+00  0.25619611044483E-04
     343  0.42340948444395E+01  0.38484150031482E+00  0.86896739875126E+00  0.25582785965064E-04
     344  0.42464391442775E+01  0.38596348719611E+00  0.86954321770444E+00  0.25566543975524E-04
     345  0.42587834441155E+01  0.38708547407757E+00  0.87011476013971E+00  0.25527032367170E-04
     346  0.42711277439535E+01  0.38820746095883E+00  0.87068444250789E+00  0.25516645922938E-04
     347  0.42834720437915E+01  0.38932944784028E+00  0.87125282664742E+00  0.25494551577739E-04
     348  0.42958163436296E+01  0.39045143472176E+00  0.87181849432532E+00  0.25461817566071E-04
     349  0.43081606434676E+01  0.39157342160300E+00  0.87238488202920E+00  0.25413476287773E-04
     350  0.43205049433056E+01  0.39269540848451E+00  0.87294344217799E+00  0.25426462916809E-04
     351  0.43328492431436E+01  0.39381739536577E+00  0.87350310963945E+00  0.25429233038987E-04
     352  0.43451935429816E+01  0.39493938224723E+00  0.87406085703164E+00  0.25416622046852E-04
     353  0.43575378428196E+01  0.39606136912869E+00  0.87461502065820E+00  0.25399195073247E-04
     354  0.43698821426577E+01  0.39718335600994E+00  0.87517049887763E+00  0.25341239063966E-04
     355  0.43822264424957E+01  0.39830534289140E+00  0.87572217514174E+00  0.25274075014555E-04
     356  0.43945707423337E+01  0.39942732977270E+00  0.87626429469747E+00  0.25240755362513E-04
     357  0.44069150421717E+01  0.40054931665417E+00  0.87680982346709E+00  0.25213902346163E-04
     358  0.44192593420097E+01  0.40167130353563E+00  0.87735103753561E+00  0.25172011606866E-04
     359  0.44316036418477E+01  0.40279329041688E+00  0.87789016789260E+00  0.25163201740422E-04
     360  0.44439479416858E+01  0.40391527729835E+00  0.87842946734660E+00  0.25130880996097E-04
     361  0.44562922415238E+01  0.40503726417964E+00  0.87896307750447E+00  0.25075649123629E-04
     362  0.44686365413618E+01  0.40615925106110E+00  0.87949690039728E+00  0.25032240235828E-04
     363  0.44809808411998E+01  0.40728123794236E+00  0.88002959415845E+00  0.25022290090014E-04
     364  0.44933251410378E+01  0.40840322482382E+00  0.88055576404792E+00  0.25008153156030E-04
     365  0.45056694408758E+01  0.40952521170529E+00  0.88107928293268E+00  0.24942647546919E-04
     366  0.45180137407138E+01  0.41064719858654E+00  0.88160299818815E+00  0.24934903822175E-04
     367  0.45303580405519E+01  0.41176918546805E+00  0.88212420426220E+00  0.24895334457276E-04
     368  0.45427023403899E+01  0.41289117234929E+00  0.88264099199506E+00  0.24851110024553E-04
     369  0.45550466402279E+01  0.41401315923075E+00  0.88315915432295E+00  0.24752605132286E-04
     370  0.45673909400659E+01  0.41513514611223E+00  0.88367301831397E+00  0.24717212490678E-04
     371  0.45797352399039E+01  0.41625713299347E+00  0.88418604772943E+00  0.24669058966009E-04
     372  0.45920795397419E+01  0.41737911987492E+00  0.88469862985603E+00  0.24644853453754E-04
     373  0.46044238395800E+01  0.41850110675625E+00  0.88520576814989E+00  0.24633991409478E-04
     374  0.46167681394180E+01  0.41962309363771E+00  0.88571189186170E+00  0.24609949212187E-04
     375  0.46291124392560E+01  0.42074508051915E+00  0.88621900833659E+00  0.24573868235480E-04
     376  0.46414567390940E+01  0.42186706740043E+00  0.88672182101987E+00  0.24518571944311E-04
     377  0.46538010389320E+01  0.42298905428188E+00  0.88722544100500E+00  0.24502814048438E-04
     378  0.46661453387700E+01  0.42411104116317E+00  0.88772223710761E+00  0.24492545592582E-04
     379  0.46784896386081E+01  0.42523302804461E+00  0.88821796953548E+00  0.24456479469840E-04
     380  0.46908339384461E+01  0.42635501492591E+00  0.88871304739429E+00  0.24410259384057E-04
     381  0.47031782382841E+01  0.42747700180735E+00  0.88921113081606E+00  0.24376992067387E-04
     382  0.47155225381221E+01  0.42859898868879E+00  0.88970021936791E+00  0.24344078684901E-04
     383  0.47278668379601E+01  0.42972097557009E+00  0.89019219893314E+00  0.24288670591992E-04
     384  0.47402111377981E+01  0.43084296245158E+00  0.89067562000782E+00  0.24231330812676E-04
     385  0.47525554376362E+01  0.43196494933282E+00  0.89116038294909E+00  0.24232531054732E-04
     386  0.47648997374742E+01  0.43308693621426E+00  0.89164104392420E+00  0.24195143631477E-04
     387  0.47772440373122E+01  0.43420892309577E+00  0.89212372315394E+00  0.24136650915088E-04
     388  0.47895883371502E+01  0.43533090997700E+00  0.89260069672331E+00  0.24075590641639E-04
     389  0.48019326369882E+01  0.43645289685844E+00  0.89307559203590E+00  0.24002778720072E-04
     390  0.48142769368262E+01  0.43757488373979E+00  0.89354894911118E+00  0.23965694736462E-04
     391  0.48266212366642E+01  0.43869687062124E+00  0.89401784966207E+00  0.23933407628866E-04
     392  0.48389655365023E+01  0.43981885750267E+00  0.89448666293708E+00  0.23909575640858E-04
     393  0.48513098363403E+01  0.44094084438398E+00  0.89495526893188E+00  0.23874977052459E-04
     394  0.48636541361783E+01  0.44206283126542E+00  0.89542036207270E+00  0.23836553232004E-04
     395  0.48759984360163E+01  0.44318481814670E+00  0.89588690617494E+00  0.23807393031268E-04
     396  0.48883427358543E+01  0.44430680502813E+00  0.89634955013650E+00  0.23779780325417E-04
     397  0.49006870356923E+01  0.44542879190945E+00  0.89681155589322E+00  0.23754033377070E-04
     398  0.49130313355304E+01  0.44655077879088E+00  0.89726983606100E+00  0.23708526098662E-04
     399  0.49253756353684E+01  0.44767276567231E+00  0.89772501793519E+00  0.23682444908559E-04
     400  0.49377199352064E+01  0.44879475255364E+00  0.89817862884363E+00  0.23589660564543E-04
     401  0.49500642350444E+01  0.44991673943512E+00  0.89863522349606E+00  0.23536363424244E-04
     402  0.49624085348824E+01  0.45103872631635E+00  0.89908901986573E+00  0.23491696465839E-04
     403  0.49747528347204E+01  0.45216071319777E+00  0.89954123436016E+00  0.23473672198316E-04
     404  0.49870971345585E+01  0.45328270007930E+00  0.89998846867494E+00  0.23461072750227E-04
     405  0.49994414343965E+01  0.45440468696053E+00  0.90043456840334E+00  0.23420426105693E-04
     406  0.50117857342345E+01  0.45552667384196E+00  0.90087489701447E+00  0.23402745052682E-04
     407  0.50241300340725E+01  0.45664866072334E+00  0.90131960032886E+00  0.23404023600682E-04
     408  0.50364743339105E+01  0.45777064760477E+00  0.90176196355883E+00  0.23395959598705E-04
     409  0.50488186337485E+01  0.45889263448619E+00  0.90219789564773E+00  0.23358209491503E-04
     410  0.50611629335865E+01  0.46001462136753E+00  0.90263129128149E+00  0.23331938707914E-04
     411  0.50735072334246E+01  0.46113660824896E+00  0.90307398725074E+00  0.23279601298025E-04
     412  0.50858515332626E+01  0.46225859513023E+00  0.90350729015388E+00  0.23279923369555E-04
     413  0.50981958331006E+01  0.46338058201164E+00  0.90394015667765E+00  0.23292212826195E-04
     414  0.51105401329386E+01  0.46450256889300E+00  0.90437010491433E+00  0.23260746128469E-04
     415  0.51228844327766E+01  0.46562455577441E+00  0.90480407875077E+00  0.23232129995319E-04
     416  0.51352287326146E+01  0.46674654265583E+00  0.90523297967694E+00  0.23215326435961E-04
     417  0.51475730324527E+01  0.46786852953719E+00  0.90565482762142E+00  0.23162620456282E-04
     418  0.51599173322907E+01  0.46899051641865E+00  0.90607986113535E+00  0.23149079910331E-04
     419  0.51722616321287E+01  0.47011250329988E+00  0.90650128906468E+00  0.23137021500326E-04
     420  0.51846059319667E+01  0.47123449018129E+00  0.90691913322837E+00  0.23099166109610E-04
     421  0.51969502318047E+01  0.47235647706284E+00  0.90733516096290E+00  0.23078245545868E-04
     422  0.52092945316427E+01  0.47347846394407E+00  0.90775118869743E+00  0.23068926565358E-04
     423  0.52216388314808E+01  0.47460045082548E+00  0.90816902195163E+00  0.23011480533014E-04
     424  0.52339831313188E+01  0.47572243770688E+00  0.90858126954980E+00  0.22976647494800E-04
     425  0.52463274311568E+01  0.47684442458830E+00  0.90899495174517E+00  0.22961019986340E-04
     426  0.52586717309948E+01  0.47796641146952E+00  0.90940677387344E+00  0.22919743121924E-04
     427  0.52710160308328E+01  0.47908839835108E+00  0.90981484313907E+00  0.22879922851090E-04
     428  0.52833603306708E+01  0.48021038523249E+00  0.91022039776853E+00  0.22850724028235E-04
     429  0.52957046305089E+01  0.48133237211375E+00  0.91062702698221E+00  0.22830544908993E-04
     430  0.53080489303469E+01  0.48245435899516E+00  0.91102837055068E+00  0.22843165921732E-04
     431  0.53203932301849E+01  0.48357634587654E+00  0.91143333061324E+00  0.22802869066647E-04
     432  0.53327375300229E+01  0.48469833275794E+00  0.91183268865553E+00  0.22754830019293E-04
     433  0.53450818298609E+01  0.48582031963935E+00  0.91223295218504E+00  0.22724038396497E-04
     434  0.53574261296989E+01  0.48694230652074E+00  0.91263227749888E+00  0.22688993724433E-04
     435  0.53697704295369E+01  0.48806429340218E+00  0.91302821541781E+00  0.22676560613907E-04
     436  0.53821147293750E+01  0.48918628028341E+00  0.91342192234716E+00  0.22642185596019E-04
     437  0.53944590292130E+01  0.49030826716481E+00  0.91381304918345E+00  0.22589784490664E-04
     438  0.54068033290510E+01  0.49143025404637E+00  0.91420797797506E+00  0.22537973947078E-04
     439  0.54191476288890E+01  0.49255224092760E+00  0.91459951937175E+00  0.22514625327380E-04
     440  0.54314919287270E+01  0.49367422780900E+00  0.91498860613445E+00  0.22460236407963E-04
     441  0.54438362285650E+01  0.49479621469043E+00  0.91537679286467E+00  0.22411901362197E-04
     442  0.54561805284031E+01  0.49591820157183E+00  0.91576538870057E+00  0.22355730702624E-04
     443  0.54685248282411E+01  0.49704018845305E+00  0.91615162808782E+00  0.22329522895203E-04
     444  0.54808691280791E+01  0.49816217533462E+00  0.91653476918149E+00  0.22274001420740E-04
     445  0.54932134279171E+01  0.49928416221603E+00  0.91691612111971E+00  0.22259025405659E-04
     446  0.55055577277551E+01  0.50040614909728E+00  0.91729312017364E+00  0.22249801918332E-04
     447  0.55179020275931E+01  0.50152813597868E+00  0.91767333752548E+00  0.22211941905541E-04
     448  0.55302463274312E+01  0.50265012286008E+00  0.91804947473014E+00  0.22218250657261E-04
     449  0.55425906272692E+01  0.50377210974148E+00  0.91842699198458E+00  0.22159663493616E-04
     450  0.55549349271072E+01  0.50489409662287E+00  0.91879885267134E+00  0.22117705932620E-04
     451  0.55672792269452E+01  0.50601608350428E+00  0.91916909875440E+00  0.22100075166938E-04
     452  0.55796235267832E+01  0.50713807038571E+00  0.91953752840830E+00  0.22052954282140E-04
     453  0.55919678266212E+01  0.50826005726693E+00  0.91990626898250E+00  0.22041387470032E-04
     454  0.56043121264593E+01  0.50938204414833E+00  0.92027454590362E+00  0.21989992624144E-04
     455  0.56166564262973E+01  0.51050403102991E+00  0.92064270827515E+00  0.21914331278528E-04
     456  0.56290007261353E+01  0.51162601791113E+00  0.92100668140465E+00  0.21860277090443E-04
     457  0.56413450259733E+01  0.51274800479252E+00  0.92137051271086E+00  0.21829857326254E-04
     458  0.56536893258113E+01  0.51386999167397E+00  0.92173224939605E+00  0.21818528597831E-04
     459  0.56660336256493E+01  0.51499197855537E+00  0.92209578069143E+00  0.21778166405897E-04
     460  0.56783779254873E+01  0.51611396543658E+00  0.92245427180500E+00  0.21734723881586E-04
     461  0.56907222253254E+01  0.51723595231817E+00  0.92281412660413E+00  0.21731542766849E-04
     462  0.57030665251634E+01  0.51835793919956E+00  0.92317089947390E+00  0.21687175175708E-04
     463  0.57154108250014E+01  0.51947992608081E+00  0.92352544135410E+00  0.21663597025511E-04
     464  0.57277551248394E+01  0.52060191296220E+00  0.92388033779255E+00  0.21593105447453E-04
     465  0.57400994246774E+01  0.52172389984363E+00  0.92423293778452E+00  0.21550965173444E-04
     466  0.57524437245154E+01  0.52284588672501E+00  0.92458173036642E+00  0.21501359177161E-04
     467  0.57647880243535E+01  0.52396787360639E+00  0.92493025021121E+00  0.21461032587990E-04
     468  0.57771323241915E+01  0.52508986048783E+00  0.92527682816777E+00  0.21421603631655E-04
     469  0.57894766240295E+01  0.52621184736925E+00  0.92562069511744E+00  0.21409723818919E-04
     470  0.58018209238675E+01  0.52733383425045E+00  0.92596756217533E+00  0.21423585670521E-04
     471  0.58141652237055E+01  0.52845582113184E+00  0.92631402012756E+00  0.21379184997587E-04
     472  0.58265095235435E+01  0.52957780801344E+00  0.92665603246488E+00  0.21336545030812E-04
     473  0.58388538233816E+01  0.53069979489466E+00  0.92699663202396E+00  0.21355991191109E-04
     474  0.58511981232196E+01  0.53182178177604E+00  0.92733749341067E+00  0.21329433551319E-04
     475  0.58635424230576E+01  0.53294376865751E+00  0.92767907482335E+00  0.21302036675267E-04
     476  0.58758867228956E+01  0.53406575553890E+00  0.92801923800306E+00  0.21226736251319E-04
     477  0.58882310227336E+01  0.53518774242011E+00  0.92835712110051E+00  0.21183294048430E-04
     478  0.59005753225716E+01  0.53630972930171E+00  0.92868959309369E+00  0.21161853033140E-04
     479  0.59129196224097E+01  0.53743171618310E+00  0.92902601977497E+00  0.21136595067845E-04
     480  0.59252639222477E+01  0.53855370306434E+00  0.92935921724885E+00  0.21063976581752E-04
     481  0.59376082220857E+01  0.53967568994572E+00  0.92969050556296E+00  0.21032650947225E-04
     482  0.59499525219237E+01  0.54079767682717E+00  0.93002177751285E+00  0.20997444570933E-04
     483  0.59622968217617E+01  0.54191966370854E+00  0.93035108030079E+00  0.20958216676884E-04
     484  0.59746411215997E+01  0.54304165058991E+00  0.93068180132171E+00  0.20894136928877E-04
     485  0.59869854214377E+01  0.54416363747137E+00  0.93100852401658E+00  0.20861869204130E-04
     486  0.59993297212758E+01  0.54528562435278E+00  0.93133305935981E+00  0.20799022499455E-04
     487  0.60116740211138E+01  0.54640761123398E+00  0.93165488915091E+00  0.20774924678703E-04
     488  0.60240183209518E+01  0.54752959811537E+00  0.93197822445086E+00  0.20750191434409E-04
     489  0.60363626207898E+01  0.54865158499698E+00  0.93230179975947E+00  0.20721192435596E-04
     490  0.60487069206278E+01  0.54977357187819E+00  0.93262404411097E+00  0.20697644779914E-04
     491  0.60610512204658E+01  0.55089555875956E+00  0.93294311925725E+00  0.20657926778728E-04
     492  0.60733955203039E+01  0.55201754564105E+00  0.93325731786398E+00  0.20623033828428E-04
     493  0.60857398201419E+01  0.55313953252243E+00  0.93357612027314E+00  0.20582325703927E-04
     494  0.60980841199799E+01  0.55426151940364E+00  0.93389611181611E+00  0.20568623185273E-04
     495  0.61104284198179E+01  0.55538350628526E+00  0.93421158137777E+00  0.20538230889918E-04
     496  0.61227727196559E+01  0.55650549316663E+00  0.93452568725388E+00  0.20529611815042E-04
     497  0.61351170194939E+01  0.55762748004783E+00  0.93483845126341E+00  0.20526363113677E-04
     498  0.61474613193320E+01  0.55874946692924E+00  0.93515164074282E+00  0.20516097270005E-04
     499  0.61598056191700E+01  0.55987145381071E+00  0.93546079916774E+00  0.20489222385597E-04
     500  0.61721499190080E+01  0.56099344069207E+00  0.93576892119163E+00  0.20456709420667E-04
     501  0.61844942188460E+01  0.56211542757344E+00  0.93607805234283E+00  0.20429233878725E-04
     502  0.61968385186840E+01  0.56323741445491E+00  0.93638294515933E+00  0.20408497411479E-04
     503  0.62091828185220E+01  0.56435940133631E+00  0.93668806707500E+00  0.20370872534538E-04
     504  0.62215271183601E+01  0.56548138821751E+00  0.93699275806604E+00  0.20355701637209E-04
     505  0.62338714181981E+01  0.56660337509889E+00  0.93729649447718E+00  0.20331945476499E-04
     506  0.62462157180361E+01  0.56772536198051E+00  0.93760227641666E+00  0.20278671390116E-04
     507  0.62585600178741E+01  0.56884734886172E+00  0.93790493824359E+00  0.20246815702417E-04
     508  0.62709043177121E+01  0.56996933574308E+00  0.93820535817147E+00  0.20219717846661E-04
     509  0.62832486175501E+01  0.57109132262459E+00  0.93850553809068E+00  0.20165990867443E-04
     510  0.62955929173881E+01  0.57221330950596E+00  0.93880371611951E+00  0.20132289535504E-04
     511  0.63079372172262E+01  0.57333529638716E+00  0.93909953224494E+00  0.20097453051695E-04
     512  0.63202815170642E+01  0.57445728326880E+00  0.93939706661418E+00  0.20049366078718E-04
     513  0.63326258169022E+01  0.57557927015016E+00  0.93969542464950E+00  0.20047554636604E-04
     514  0.63449701167402E+01  0.57670125703137E+00  0.93998821339301E+00  0.20034997009547E-04
     515  0.63573144165782E+01  0.57782324391276E+00  0.94028104031971E+00  0.20007528183360E-04
     516  0.63696587164162E+01  0.57894523079425E+00  0.94057148352406E+00  0.19987800634084E-04
     517  0.63820030162543E+01  0.58006721767561E+00  0.94086400498520E+00  0.19931772053948E-04
     518  0.63943473160923E+01  0.58118920455696E+00  0.94115196628184E+00  0.19917182464008E-04
     519  0.64066916159303E+01  0.58231119143845E+00  0.94143990030477E+00  0.19882985166574E-04
     520  0.64190359157683E+01  0.58343317831985E+00  0.94172917619428E+00  0.19845277594341E-04
     521  0.64313802156063E+01  0.58455516520104E+00  0.94201948303008E+00  0.19825837907269E-04
     522  0.64437245154443E+01  0.58567715208241E+00  0.94230564971653E+00  0.19795285573021E-04
     523  0.64560688152824E+01  0.58679913896405E+00  0.94259001633804E+00  0.19770825039252E-04
     524  0.64684131151204E+01  0.58792112584525E+00  0.94287288836019E+00  0.19716976585785E-04
     525  0.64807574149584E+01  0.58904311272661E+00  0.94315720043428E+00  0.19684764690799E-04
     526  0.64931017147964E+01  0.59016509960814E+00  0.94343766691511E+00  0.19662381618489E-04
     527  0.65054460146344E+01  0.59128708648950E+00  0.94371650242801E+00  0.19648937339815E-04
     528  0.65177903144724E+01  0.59240907337069E+00  0.94399551249267E+00  0.19605457702626E-04
     529  0.65301346143105E+01  0.59353106025234E+00  0.94427487166083E+00  0.19547839498486E-04
     530  0.65424789141485E+01  0.59465304713370E+00  0.94455066888231E+00  0.19515344183785E-04
     531  0.65548232139865E+01  0.59577503401490E+00  0.94482519514886E+00  0.19474149687083E-04
     532  0.65671675138245E+01  0.59689702089628E+00  0.94510013597581E+00  0.19427258472501E-04
     533  0.65795118136625E+01  0.59801900777779E+00  0.94537494588896E+00  0.19417439060651E-04
     534  0.65918561135005E+01  0.59914099465914E+00  0.94564851757562E+00  0.19365471393409E-04
     535  0.66042004133385E+01  0.60026298154049E+00  0.94592010919085E+00  0.19292313571288E-04
     536  0.66165447131766E+01  0.60138496842199E+00  0.94619268265968E+00  0.19221400360152E-04
     537  0.66288890130146E+01  0.60250695530338E+00  0.94646298695575E+00  0.19197042985834E-04
     538  0.66412333128526E+01  0.60362894218458E+00  0.94673038932895E+00  0.19172315339200E-04
     539  0.66535776126906E+01  0.60475092906593E+00  0.94699862082298E+00  0.19106287673782E-04
     540  0.66659219125286E+01  0.60587291594758E+00  0.94726216669343E+00  0.19082886092824E-04
     541  0.66782662123666E+01  0.60699490282878E+00  0.94752861448675E+00  0.19034118526939E-04
     542  0.66906105122047E+01  0.60811688971013E+00  0.94779270583142E+00  0.18986434423608E-04
     543  0.67029548120427E+01  0.60923887659168E+00  0.94805868451691E+00  0.18978940962186E-04
     544  0.67152991118807E+01  0.61036086347303E+00  0.94832315223880E+00  0.18966236428508E-04
     545  0.67276434117187E+01  0.61148285035422E+00  0.94858214339950E+00  0.18955634635371E-04
     546  0.67399877115567E+01  0.61260483723588E+00  0.94884228551081E+00  0.18918965411624E-04
     547  0.67523320113947E+01  0.61372682411723E+00  0.94910370403180E+00  0.18831560387178E-04
     548  0.67646763112328E+01  0.61484881099843E+00  0.94936468617341E+00  0.18780362740289E-04
     549  0.67770206110708E+01  0.61597079787981E+00  0.94962189363340E+00  0.18729700455063E-04
     550  0.67893649109088E+01  0.61709278476133E+00  0.94987790105010E+00  0.18691263840605E-04
     551  0.68017092107468E+01  0.61821477164267E+00  0.95013345026846E+00  0.18654600701118E-04
     552  0.68140535105848E+01  0.61933675852401E+00  0.95039229415112E+00  0.18609316638652E-04
     553  0.68263978104228E+01  0.62045874540553E+00  0.95064726516680E+00  0.18566166899346E-04
     554  0.68387421102609E+01  0.62158073228691E+00  0.95090083976847E+00  0.18499211296942E-04
     555  0.68510864100989E+01  0.62270271916811E+00  0.95115383616747E+00  0.18468335376585E-04
     556  0.68634307099369E+01  0.62382470604945E+00  0.95140779260110E+00  0.18438284448440E-04
     557  0.68757750097749E+01  0.62494669293112E+00  0.95165579245622E+00  0.18421847153029E-04
     558  0.68881193096129E+01  0.62606867981231E+00  0.95190500326412E+00  0.18386476468986E-04
     559  0.69004636094509E+01  0.62719066669366E+00  0.95215279038429E+00  0.18382044469253E-04
     560  0.69128079092889E+01  0.62831265357521E+00  0.95240181573095E+00  0.18353803971543E-04
     561  0.69251522091270E+01  0.62943464045656E+00  0.95264816825392E+00  0.18315409602853E-04
     562  0.69374965089650E+01  0.63055662733775E+00  0.95289441168205E+00  0.18290916894737E-04
     563  0.69498408088030E+01  0.63167861421942E+00  0.95313996781266E+00  0.18268934470711E-04
     564  0.69621851086410E+01  0.63280060110077E+00  0.95338636942831E+00  0.18225334867158E-04
     565  0.69745294084790E+01  0.63392258798196E+00  0.95363144008686E+00  0.18199533697358E-04
     566  0.69868737083170E+01  0.63504457486333E+00  0.95387445430759E+00  0.18172647380112E-04
     567  0.69992180081551E+01  0.63616656174487E+00  0.95411373748464E+00  0.18121311888853E-04
     568  0.70115623079931E+01  0.63728854862620E+00  0.95435286247417E+00  0.18084067793245E-04
     569  0.70239066078311E+01  0.63841053550754E+00  0.95459298568152E+00  0.18059644707644E-04
     570  0.70362509076691E+01  0.63953252238908E+00  0.95483307070568E+00  0.18036577959196E-04
     571  0.70485952075071E+01  0.64065450927044E+00  0.95507095201398E+00  0.18030711022583E-04
     572  0.70609395073451E+01  0.64177649615164E+00  0.95531096067174E+00  0.17983246285003E-04
     573  0.70732838071832E+01  0.64289848303298E+00  0.95554642007450E+00  0.17935235393308E-04
     574  0.70856281070212E+01  0.64402046991465E+00  0.95578006304809E+00  0.17904431553355E-04
     575  0.70979724068592E+01  0.64514245679584E+00  0.95601354237942E+00  0.17864809894993E-04
     576  0.71103167066972E+01  0.64626444367718E+00  0.95624741445219E+00  0.17818919550018E-04
     577  0.71226610065352E+01  0.64738643055875E+00  0.95648126470599E+00  0.17792700610761E-04
     578  0.71350053063732E+01  0.64850841744009E+00  0.95671480949422E+00  0.17733054471746E-04
     579  0.71473496062112E+01  0.64963040432128E+00  0.95694904157997E+00  0.17688660631935E-04
     580  0.71596939060493E+01  0.65075239120296E+00  0.95717910624267E+00  0.17675278747374E-04
     581  0.71720382058873E+01  0.65187437808430E+00  0.95740815632331E+00  0.17629383577613E-04
     582  0.71843825057253E+01  0.65299636496549E+00  0.95763605545335E+00  0.17606157631710E-04
     583  0.71967268055633E+01  0.65411835184686E+00  0.95786492552750E+00  0.17537681709011E-04
     584  0.72090711054013E+01  0.65524033872841E+00  0.95809367559732E+00  0.17515055269766E-04
     585  0.72214154052393E+01  0.65636232560973E+00  0.95831839461263E+00  0.17461578763933E-04
     586  0.72337597050774E+01  0.65748431249106E+00  0.95854257360847E+00  0.17433047146298E-04
     587  0.72461040049154E+01  0.65860629937262E+00  0.95876709079833E+00  0.17399748002230E-04
     588  0.72584483047534E+01  0.65972828625398E+00  0.95899614087897E+00  0.17363985683295E-04
     589  0.72707926045914E+01  0.66085027313517E+00  0.95922083262058E+00  0.17299838501389E-04
     590  0.72831369044294E+01  0.66197226001650E+00  0.95944524617033E+00  0.17283935010473E-04
     591  0.72954812042674E+01  0.66309424689819E+00  0.95966947425885E+00  0.17237351259159E-04
     592  0.73078255041055E+01  0.66421623377937E+00  0.95989342415552E+00  0.17183457975856E-04
     593  0.73201698039435E+01  0.66533822066071E+00  0.96011675766631E+00  0.17144392501097E-04
     594  0.73325141037815E+01  0.66646020754229E+00  0.96033538373457E+00  0.17110490835997E-04
     595  0.73448584036195E+01  0.66758219442362E+00  0.96055286976170E+00  0.17065375535553E-04
     596  0.73572027034575E+01  0.66870418130481E+00  0.96077093944625E+00  0.17013135778480E-04
     597  0.73695470032955E+01  0.66982616818650E+00  0.96098897640235E+00  0.17018973653695E-04
     598  0.73818913031336E+01  0.67094815506784E+00  0.96120727518607E+00  0.16978513867547E-04
     599  0.73942356029716E+01  0.67207014194902E+00  0.96142111744540E+00  0.16933837332435E-04
     600  0.74065799028096E+01  0.67319212883038E+00  0.96163579428029E+00  0.16895332959914E-04
     601  0.74189242026476E+01  0.67431411571194E+00  0.96184818557819E+00  0.16854223915380E-04
     602  0.74312685024856E+01  0.67543610259327E+00  0.96205720039065E+00  0.16826989009441E-04
     603  0.74436128023236E+01  0.67655808947459E+00  0.96227229178594E+00  0.16790107117779E-04
     604  0.74559571021616E+01  0.67768007635615E+00  0.96248308484437E+00  0.16742303917091E-04
     605  0.74683014019997E+01  0.67880206323751E+00  0.96269199601673E+00  0.16720298706540E-04
     606  0.74806457018377E+01  0.67992405011870E+00  0.96290256543072E+00  0.16666992783391E-04
     607  0.74929900016757E+01  0.68104603700002E+00  0.96311138387247E+00  0.16642423275110E-04
     608  0.75053343015137E+01  0.68216802388172E+00  0.96331972229689E+00  0.16602637329271E-04
     609  0.75176786013517E+01  0.68329001076291E+00  0.96352546971876E+00  0.16566585245767E-04
     610  0.75300229011897E+01  0.68441199764423E+00  0.96373384632638E+00  0.16520253810432E-04
     611  0.75423672010278E+01  0.68553398452583E+00  0.96394100107175E+00  0.16519399645472E-04
     612  0.75547115008658E+01  0.68665597140715E+00  0.96414512843518E+00  0.16489332085314E-04
     613  0.75670558007038E+01  0.68777795828834E+00  0.96435044493241E+00  0.16457028948863E-04
     614  0.75794001005418E+01  0.68889994517004E+00  0.96455408136904E+00  0.16414678467901E-04
     615  0.75917444003798E+01  0.69002193205137E+00  0.96475754325392E+00  0.16396274770844E-04
     616  0.76040887002178E+01  0.69114391893256E+00  0.96496003419469E+00  0.16344331002519E-04
     617  0.76164330000559E+01  0.69226590581390E+00  0.96516107962876E+00  0.16288802701664E-04
     618  0.76287772998939E+01  0.69338789269548E+00  0.96536095774800E+00  0.16243650171258E-04
     619  0.76411215997319E+01  0.69450987957680E+00  0.96556017584343E+00  0.16184901619540E-04
     620  0.76534658995699E+01  0.69563186645812E+00  0.96575809571022E+00  0.16153159146953E-04
     621  0.76658101994079E+01  0.69675385333969E+00  0.96595667560081E+00  0.16112886572629E-04
     622  0.76781544992459E+01  0.69787584022104E+00  0.96615529912934E+00  0.16082990989155E-04
     623  0.76904987990840E+01  0.69899782710223E+00  0.96635475177868E+00  0.16039868410892E-04
     624  0.77028430989220E+01  0.70011981398355E+00  0.96654985699848E+00  0.16009271112759E-04
     625  0.77151873987600E+01  0.70124180086525E+00  0.96674865507876E+00  0.15949996970339E-04
     626  0.77275316985980E+01  0.70236378774644E+00  0.96694347665196E+00  0.15911468025989E-04
     627  0.77398759984360E+01  0.70348577462776E+00  0.96713738182846E+00  0.15879686523610E-04
     628  0.77522202982740E+01  0.70460776150937E+00  0.96733341980918E+00  0.15818678707624E-04
     629  0.77645645981120E+01  0.70572974839068E+00  0.96752735771414E+00  0.15782248376614E-04
     630  0.77769088979501E+01  0.70685173527188E+00  0.96771804459274E+00  0.15745134328819E-04
     631  0.77892531977881E+01  0.70797372215358E+00  0.96791247887924E+00  0.15702122491645E-04
     632  0.78015974976261E+01  0.70909570903490E+00  0.96810376577948E+00  0.15672025106303E-04
     633  0.78139417974641E+01  0.71021769591609E+00  0.96829411446406E+00  0.15655222397564E-04
     634  0.78262860973021E+01  0.71133968279743E+00  0.96848312128205E+00  0.15612048628731E-04
     635  0.78386303971401E+01  0.71246166967902E+00  0.96867204627891E+00  0.15585096611334E-04
     636  0.78509746969782E+01  0.71358365656033E+00  0.96886074217659E+00  0.15551237396723E-04
     637  0.78633189968162E+01  0.71470564344164E+00  0.96904621977636E+00  0.15545042583033E-04
     638  0.78756632966542E+01  0.71582763032323E+00  0.96923122826831E+00  0.15497461160883E-04
     639  0.78880075964922E+01  0.71694961720454E+00  0.96941801500621E+00  0.15466405980887E-04
     640  0.79003518963302E+01  0.71807160408576E+00  0.96960375443361E+00  0.15433307143007E-04
     641  0.79126961961682E+01  0.71919359096707E+00  0.96978895384153E+00  0.15393887849531E-04
     642  0.79250404960063E+01  0.72031557784879E+00  0.96997443689605E+00  0.15333730033551E-04
     643  0.79373847958443E+01  0.72143756472997E+00  0.97015744895234E+00  0.15317928214520E-04
     644  0.79497290956823E+01  0.72255955161129E+00  0.97034000281028E+00  0.15269856150623E-04
     645  0.79620733955203E+01  0.72368153849291E+00  0.97051819832919E+00  0.15229929462982E-04
     646  0.79744176953583E+01  0.72480352537422E+00  0.97070057218064E+00  0.15195573145581E-04
     647  0.79867619951963E+01  0.72592551225541E+00  0.97088295148683E+00  0.15140075051147E-04
     648  0.79991062950344E+01  0.72704749913712E+00  0.97106339981428E+00  0.15113503060736E-04
     649  0.80114505948724E+01  0.72816948601844E+00  0.97124282265018E+00  0.15066552035268E-04
     650  0.80237948947104E+01  0.72929147289962E+00  0.97142103998806E+00  0.15024343742069E-04
     651  0.80361391945484E+01  0.73041345978096E+00  0.97160146649654E+00  0.14966196296484E-04
     652  0.80484834943864E+01  0.73153544666256E+00  0.97177915472442E+00  0.14932244788627E-04
     653  0.80608277942244E+01  0.73265743354386E+00  0.97195650475828E+00  0.14890942265887E-04
     654  0.80731720940624E+01  0.73377942042517E+00  0.97213107287361E+00  0.14842232195840E-04
     655  0.80855163939005E+01  0.73490140730677E+00  0.97230762106037E+00  0.14776018543618E-04
     656  0.80978606937385E+01  0.73602339418808E+00  0.97248319830301E+00  0.14724140385862E-04
     657  0.81102049935765E+01  0.73714538106929E+00  0.97265663183196E+00  0.14669305977890E-04
     658  0.81225492934145E+01  0.73826736795060E+00  0.97282989080915E+00  0.14614201786430E-04
     659  0.81348935932525E+01  0.73938935483232E+00  0.97300263704058E+00  0.14582195157875E-04
     660  0.81472378930905E+01  0.74051134171350E+00  0.97317366502821E+00  0.14532531005210E-04
     661  0.81595821929286E+01  0.74163332859481E+00  0.97334530940171E+00  0.14484073823656E-04
     662  0.81719264927666E+01  0.74275531547644E+00  0.97351852474097E+00  0.14471852948880E-04
     663  0.81842707926046E+01  0.74387730235775E+00  0.97369026184508E+00  0.14429895392391E-04
     664  0.81966150924426E+01  0.74499928923894E+00  0.97386045525715E+00  0.14404248674462E-04
     665  0.82089593922806E+01  0.74612127612066E+00  0.97402701035616E+00  0.14370572455252E-04
     666  0.82213036921186E+01  0.74724326300196E+00  0.97419558370978E+00  0.14328060929069E-04
     667  0.82336479919567E+01  0.74836524988315E+00  0.97436293520115E+00  0.14284292886906E-04
     668  0.82459922917947E+01  0.74948723676448E+00  0.97452933756738E+00  0.14264044285964E-04
     669  0.82583365916327E+01  0.75060922364609E+00  0.97469944915831E+00  0.14235905462431E-04
     670  0.82706808914707E+01  0.75173121052740E+00  0.97486699702040E+00  0.14194451534375E-04
     671  0.82830251913087E+01  0.75285319740870E+00  0.97503381394703E+00  0.14138954555467E-04
     672  0.82953694911467E+01  0.75397518429031E+00  0.97519843806729E+00  0.14076765529662E-04
     673  0.83077137909848E+01  0.75509717117161E+00  0.97536461133434E+00  0.14034156502502E-04
     674  0.83200580908228E+01  0.75621915805282E+00  0.97552769721730E+00  0.14000517511069E-04
     675  0.83324023906608E+01  0.75734114493413E+00  0.97568999216263E+00  0.13964309511701E-04
     676  0.83447466904988E+01  0.75846313181586E+00  0.97585429445309E+00  0.13916250725662E-04
     677  0.83570909903368E+01  0.75958511869704E+00  0.97601613665482E+00  0.13867071822266E-04
     678  0.83694352901748E+01  0.76070710557834E+00  0.97617980619519E+00  0.13825190928734E-04
     679  0.83817795900128E+01  0.76182909245998E+00  0.97634220478062E+00  0.13767815750087E-04
     680  0.83941238898509E+01  0.76295107934128E+00  0.97650244874288E+00  0.13742820379120E-04
     681  0.84064681896889E+01  0.76407306622247E+00  0.97666463459336E+00  0.13697791118597E-04
     682  0.84188124895269E+01  0.76519505310420E+00  0.97682243483110E+00  0.13679744699596E-04
     683  0.84311567893649E+01  0.76631703998550E+00  0.97697955868081E+00  0.13627198301189E-04
     684  0.84435010892029E+01  0.76743902686668E+00  0.97713689526546E+00  0.13594732262197E-04
     685  0.84558453890409E+01  0.76856101374801E+00  0.97729393183929E+00  0.13564435291357E-04
     686  0.84681896888790E+01  0.76968300062963E+00  0.97745216845640E+00  0.13507584475813E-04
     687  0.84805339887170E+01  0.77080498751093E+00  0.97760775406880E+00  0.13458656413853E-04
     688  0.84928782885550E+01  0.77192697439222E+00  0.97776439244645E+00  0.13420011411943E-04
     689  0.85052225883930E+01  0.77304896127385E+00  0.97791974895967E+00  0.13374770583158E-04
     690  0.85175668882310E+01  0.77417094815514E+00  0.97807496364960E+00  0.13346915818559E-04
     691  0.85299111880690E+01  0.77529293503635E+00  0.97823226750580E+00  0.13294499665953E-04
     692  0.85422554879071E+01  0.77641492191765E+00  0.97838626033346E+00  0.13245326099543E-04
     693  0.85545997877451E+01  0.77753690879927E+00  0.97853906948207E+00  0.13198839941680E-04
     694  0.85669440875831E+01  0.77865889568057E+00  0.97869265320407E+00  0.13157937277937E-04
     695  0.85792883874211E+01  0.77978088256187E+00  0.97884359683084E+00  0.13109766049672E-04
     696  0.85916326872591E+01  0.78090286944352E+00  0.97899611142336E+00  0.13060460693104E-04
     697  0.86039769870971E+01  0.78202485632481E+00  0.97914505315974E+00  0.13015392641136E-04
     698  0.86163212869352E+01  0.78314684320600E+00  0.97929622588568E+00  0.12965837016685E-04
     699  0.86286655867732E+01  0.78426883008774E+00  0.97944745315904E+00  0.12906031142424E-04
     700  0.86410098866112E+01  0.78539081696903E+00  0.97959662944932E+00  0.12862916390389E-04
     701  0.86533541864492E+01  0.78651280385021E+00  0.97974803127444E+00  0.12828689241580E-04
     702  0.86656984862872E+01  0.78763479073153E+00  0.97989749121132E+00  0.12786810739454E-04
     703  0.86780427861252E+01  0.78875677761317E+00  0.98004533654450E+00  0.12758911134868E-04
     704  0.86903870859632E+01  0.78987876449446E+00  0.98019124544420E+00  0.12713248588460E-04
     705  0.87027313858013E+01  0.79100075137575E+00  0.98033704524905E+00  0.12690275427402E-04
     706  0.87150756856393E+01  0.79212273825738E+00  0.98048584516212E+00  0.12646353295128E-04
     707  0.87274199854773E+01  0.79324472513868E+00  0.98063091403152E+00  0.12630971106136E-04
     708  0.87397642853153E+01  0.79436671201988E+00  0.98077940847903E+00  0.12590517176838E-04
     709  0.87521085851533E+01  0.79548869890118E+00  0.98092404642378E+00  0.12556220116116E-04
     710  0.87644528849913E+01  0.79661068578281E+00  0.98106836799349E+00  0.12506318388726E-04
     711  0.87767971848294E+01  0.79773267266410E+00  0.98121213863424E+00  0.12462029682563E-04
     712  0.87891414846674E+01  0.79885465954540E+00  0.98135576745168E+00  0.12427264388311E-04
     713  0.88014857845054E+01  0.79997664642706E+00  0.98150001810974E+00  0.12396643446795E-04
     714  0.88138300843434E+01  0.80109863330835E+00  0.98163931040712E+00  0.12347113108996E-04
     715  0.88261743841814E+01  0.80222062018953E+00  0.98177856997605E+00  0.12320174251676E-04
     716  0.88385186840194E+01  0.80334260707127E+00  0.98191797682302E+00  0.12254444872908E-04
     717  0.88508629838575E+01  0.80446459395256E+00  0.98205978375656E+00  0.12187819257267E-04
     718  0.88632072836955E+01  0.80558658083375E+00  0.98219924515095E+00  0.12134477771053E-04
     719  0.88755515835335E+01  0.80670856771507E+00  0.98233812288792E+00  0.12101707559279E-04
     720  0.88878958833715E+01  0.80783055459670E+00  0.98247752973489E+00  0.12053910841421E-04
     721  0.89002401832095E+01  0.80895254147799E+00  0.98261698021980E+00  0.12014324352122E-04
     722  0.89125844830475E+01  0.81007452835928E+00  0.98275563976708E+00  0.11983587388454E-04
     723  0.89249287828855E+01  0.81119651524091E+00  0.98289257016108E+00  0.11964121576812E-04
     724  0.89372730827236E+01  0.81231850212220E+00  0.98302729683922E+00  0.11909911451701E-04
     725  0.89496173825616E+01  0.81344048900343E+00  0.98316399813404E+00  0.11853549036664E-04
     726  0.89619616823996E+01  0.81456247588472E+00  0.98330101034917E+00  0.11813254328042E-04
     727  0.89743059822376E+01  0.81568446276634E+00  0.98343696979906E+00  0.11771177985359E-04
     728  0.89866502820756E+01  0.81680644964763E+00  0.98357201830699E+00  0.11733316104404E-04
     729  0.89989945819136E+01  0.81792843652892E+00  0.98370357032516E+00  0.11664926185382E-04
     730  0.90113388817517E+01  0.81905042341057E+00  0.98383791517134E+00  0.11635865775933E-04
     731  0.90236831815897E+01  0.82017241029186E+00  0.98397097269836E+00  0.11600632470129E-04
     732  0.90360274814277E+01  0.82129439717308E+00  0.98410393204002E+00  0.11573805663508E-04
     733  0.90483717812657E+01  0.82241638405481E+00  0.98423853325909E+00  0.11534632404212E-04
     734  0.90607160811037E+01  0.82353837093610E+00  0.98437175988312E+00  0.11495141970784E-04
     735  0.90730603809417E+01  0.82466035781728E+00  0.98450491559550E+00  0.11441555430361E-04
     736  0.90854046807798E+01  0.82578234469859E+00  0.98463599850584E+00  0.11417356420143E-04
     737  0.90977489806178E+01  0.82690433158020E+00  0.98476594137505E+00  0.11369126264985E-04
     738  0.91100932804558E+01  0.82802631846149E+00  0.98489623334776E+00  0.11334073282595E-04
     739  0.91224375802938E+01  0.82914830534284E+00  0.98502552710265E+00  0.11298638021655E-04
     740  0.91347818801318E+01  0.83027029222446E+00  0.98515477721960E+00  0.11252543119446E-04
     741  0.91471261799698E+01  0.83139227910574E+00  0.98528330185583E+00  0.11211915985250E-04
     742  0.91594704798079E+01  0.83251426598695E+00  0.98541076827208E+00  0.11188588807293E-04
     743  0.91718147796459E+01  0.83363625286823E+00  0.98553974565192E+00  0.11183824303211E-04
     744  0.91841590794839E+01  0.83475823974984E+00  0.98566942669350E+00  0.11144029582518E-04
     745  0.91965033793219E+01  0.83588022663120E+00  0.98579699674985E+00  0.11085299408641E-04
     746  0.92088476791599E+01  0.83700221351249E+00  0.98592254309683E+00  0.11056929077020E-04
     747  0.92211919789979E+01  0.83812420039413E+00  0.98604795853000E+00  0.11001914667901E-04
     748  0.92335362788359E+01  0.83924618727541E+00  0.98617460673490E+00  0.10951510035122E-04
     749  0.92458805786740E+01  0.84036817415659E+00  0.98630010944395E+00  0.10914399729241E-04
     750  0.92582248785120E+01  0.84149016103830E+00  0.98642627217680E+00  0.10865317107659E-04
     751  0.92705691783500E+01  0.84261214791958E+00  0.98655076030379E+00  0.10829596493887E-04
     752  0.92829134781880E+01  0.84373413480086E+00  0.98667503569583E+00  0.10790352978608E-04
     753  0.92952577780260E+01  0.84485612168216E+00  0.98679922381200E+00  0.10751787481523E-04
     754  0.93076020778640E+01  0.84597810856377E+00  0.98692086456355E+00  0.10714065367461E-04
     755  0.93199463777021E+01  0.84710009544506E+00  0.98704337261911E+00  0.10656023268771E-04
     756  0.93322906775401E+01  0.84822208232634E+00  0.98716531338149E+00  0.10597152253118E-04
     757  0.93446349773781E+01  0.84934406920794E+00  0.98728763052107E+00  0.10560377992159E-04
     758  0.93569792772161E+01  0.85046605608922E+00  0.98740934763901E+00  0.10509580358630E-04
     759  0.93693235770541E+01  0.85158804297053E+00  0.98752985925892E+00  0.10463754347231E-04
     760  0.93816678768921E+01  0.85271002985182E+00  0.98764956357698E+00  0.10414654911299E-04
     761  0.93940121767302E+01  0.85383201673342E+00  0.98776790966423E+00  0.10373395835251E-04
     762  0.94063564765682E+01  0.85495400361470E+00  0.98788589028375E+00  0.10337112946764E-04
     763  0.94187007764062E+01  0.85607599049598E+00  0.98800392545069E+00  0.10293051882375E-04
     764  0.94310450762442E+01  0.85719797737758E+00  0.98812356431185E+00  0.10252068580307E-04
     765  0.94433893760822E+01  0.85831996425888E+00  0.98823985941602E+00  0.10216795824210E-04
     766  0.94557336759202E+01  0.85944195114018E+00  0.98835780730709E+00  0.10160389628427E-04
     767  0.94680779757583E+01  0.86056393802189E+00  0.98847481152775E+00  0.10104697369658E-04
     768  0.94804222755963E+01  0.86168592490316E+00  0.98859158119449E+00  0.10044707320226E-04
     769  0.94927665754343E+01  0.86280791178434E+00  0.98870665989115E+00  0.10006543496390E-04
     770  0.95051108752723E+01  0.86392989866564E+00  0.98882371320449E+00  0.99452373453444E-05
     771  0.95174551751103E+01  0.86505188554724E+00  0.98893968647887E+00  0.99043809328731E-05
     772  0.95297994749483E+01  0.86617387242852E+00  0.98905267055452E+00  0.98500009948806E-05
     773  0.95421437747863E+01  0.86729585930993E+00  0.98916710013685E+00  0.98170587973362E-05
     774  0.95544880746244E+01  0.86841784619153E+00  0.98928047149919E+00  0.97803271606091E-05
     775  0.95668323744624E+01  0.86953983307281E+00  0.98939537564410E+00  0.97215729381175E-05
     776  0.95791766743004E+01  0.87066181995401E+00  0.98951108163611E+00  0.96783248700995E-05
     777  0.95915209741384E+01  0.87178380683529E+00  0.98962287112321E+00  0.96217308608063E-05
     778  0.96038652739764E+01  0.87290579371688E+00  0.98973479697886E+00  0.95803603036945E-05
     779  0.96162095738144E+01  0.87402778059831E+00  0.98984543006060E+00  0.95393379604506E-05
     780  0.96285538736525E+01  0.87514976747959E+00  0.98995640133637E+00  0.94921326172206E-05
     781  0.96408981734905E+01  0.87627175436117E+00  0.99006775444409E+00  0.94451249317576E-05
     782  0.96532424733285E+01  0.87739374124248E+00  0.99017776023048E+00  0.93792349701377E-05
     783  0.96655867731665E+01  0.87851572812365E+00  0.99028737873017E+00  0.93434244968890E-05
     784  0.96779310730045E+01  0.87963771500534E+00  0.99039776089377E+00  0.92972039857862E-05
     785  0.96902753728425E+01  0.88075970188661E+00  0.99050925037005E+00  0.92441269828258E-05
     786  0.97026196726806E+01  0.88188168876796E+00  0.99061783246872E+00  0.91867723715792E-05
     787  0.97149639725186E+01  0.88300367564926E+00  0.99072669275924E+00  0.91543315554205E-05
     788  0.97273082723566E+01  0.88412566253084E+00  0.99083404208617E+00  0.91183570709746E-05
     789  0.97396525721946E+01  0.88524764941212E+00  0.99094322420649E+00  0.90683086539744E-05
     790  0.97519968720326E+01  0.88636963629339E+00  0.99105192630949E+00  0.90100000946222E-05
     791  0.97643411718706E+01  0.88749162317498E+00  0.99115965201363E+00  0.89779140517565E-05
     792  0.97766854717087E+01  0.88861361005625E+00  0.99126648314005E+00  0.89336955782410E-05
     793  0.97890297715467E+01  0.88973559693763E+00  0.99137295970822E+00  0.88714546520351E-05
     794  0.98013740713847E+01  0.89085758381891E+00  0.99148006357175E+00  0.88058492816808E-05
     795  0.98137183712227E+01  0.89197957070049E+00  0.99158563465271E+00  0.87633357343055E-05
     796  0.98260626710607E+01  0.89310155758176E+00  0.99168910020318E+00  0.87140216492117E-05
     797  0.98384069708987E+01  0.89422354446304E+00  0.99179324759642E+00  0.86664141295035E-05
     798  0.98507512707367E+01  0.89534553134461E+00  0.99189893868172E+00  0.86320226227656E-05
     799  0.98630955705748E+01  0.89646751822591E+00  0.99200333699310E+00  0.85902161520825E-05
     800  0.98754398704128E+01  0.89758950510728E+00  0.99210571159512E+00  0.85197508745986E-05
     801  0.98877841702508E+01  0.89871149198896E+00  0.99220815165405E+00  0.84771429012883E-05
     802  0.99001284700888E+01  0.89983347887023E+00  0.99231234813998E+00  0.84215395208814E-05
     803  0.99124727699268E+01  0.90095546575140E+00  0.99241467364932E+00  0.83801996616799E-05
     804  0.99248170697648E+01  0.90207745263270E+00  0.99251775736783E+00  0.83417478408976E-05
     805  0.99371613696029E+01  0.90319943951427E+00  0.99261859918729E+00  0.82795422248994E-05
     806  0.99495056694409E+01  0.90432142639555E+00  0.99272083196601E+00  0.82187236988426E-05
     807  0.99618499692789E+01  0.90544341327703E+00  0.99282055556331E+00  0.81671051449821E-05
     808  0.99741942691169E+01  0.90656540015860E+00  0.99292180103370E+00  0.81121789901753E-05
     809  0.99865385689549E+01  0.90768738703988E+00  0.99302115370853E+00  0.80522927950495E-05
     810  0.99988828687929E+01  0.90880937392107E+00  0.99311858085935E+00  0.80033330226092E-05
     811  0.10011227168631E+02  0.90993136080234E+00  0.99321762806862E+00  0.79531557668202E-05
     812  0.10023571468469E+02  0.91105334768391E+00  0.99331581888336E+00  0.79125473556926E-05
     813  0.10035915768307E+02  0.91217533456540E+00  0.99341426607098E+00  0.78474832873141E-05
     814  0.10048260068145E+02  0.91329732144668E+00  0.99351134957305E+00  0.78064313477293E-05
     815  0.10060604367983E+02  0.91441930832825E+00  0.99360916401057E+00  0.77409056218025E-05
     816  0.10072948667821E+02  0.91554129520954E+00  0.99370577840481E+00  0.76733840201001E-05
     817  0.10085292967659E+02  0.91666328209071E+00  0.99380035818019E+00  0.76398780416094E-05
     818  0.10097637267497E+02  0.91778526897238E+00  0.99389740349906E+00  0.75771822090179E-05
     819  0.10109981567335E+02  0.91890725585365E+00  0.99399418153557E+00  0.75213134727262E-05
     820  0.10122325867173E+02  0.92002924273506E+00  0.99408944315373E+00  0.74565696325481E-05
     821  0.10134670167011E+02  0.92115122961635E+00  0.99418445385375E+00  0.74068649525780E-05
     822  0.10147014466849E+02  0.92227321649791E+00  0.99427780631214E+00  0.73391426473010E-05
     823  0.10159358766687E+02  0.92339520337919E+00  0.99437242427072E+00  0.72880701000943E-05
     824  0.10171703066525E+02  0.92451719026045E+00  0.99446597309983E+00  0.72428101708316E-05
     825  0.10184047366363E+02  0.92563917714201E+00  0.99455915646121E+00  0.71796663607998E-05
     826  0.10196391666201E+02  0.92676116402328E+00  0.99465277620196E+00  0.71226871116097E-05
     827  0.10208735966039E+02  0.92788315090473E+00  0.99474522862788E+00  0.70744218201437E-05
     828  0.10221080265877E+02  0.92900513778600E+00  0.99483906110359E+00  0.70060785577870E-05
     829  0.10233424565715E+02  0.93012712466756E+00  0.99493120260920E+00  0.69587671517905E-05
     830  0.10245768865553E+02  0.93124911154882E+00  0.99502368776357E+00  0.68876268982311E-05
     831  0.10258113165391E+02  0.93237109843010E+00  0.99511557289630E+00  0.68256655192208E-05
     832  0.10270457465229E+02  0.93349308531165E+00  0.99520561432616E+00  0.67721123648704E-05
     833  0.10282801765067E+02  0.93461507219294E+00  0.99529488118262E+00  0.67168035256552E-05
     834  0.10295146064905E+02  0.93573705907438E+00  0.99538517898537E+00  0.66645843777596E-05
     835  0.10307490364743E+02  0.93685904595564E+00  0.99547626772573E+00  0.66085883838392E-05
     836  0.10319834664581E+02  0.93798103283730E+00  0.99556633642930E+00  0.65404625767068E-05
     837  0.10332178964419E+02  0.93910301971847E+00  0.99565554328360E+00  0.64782814785843E-05
     838  0.10344523264257E+02  0.94022500659976E+00  0.99574400829295E+00  0.64052522802647E-05
     839  0.10356867564095E+02  0.94134699348131E+00  0.99583166600046E+00  0.63351564257306E-05
     840  0.10369211863933E+02  0.94246898036258E+00  0.99592128741517E+00  0.62665404505983E-05
     841  0.10381556163771E+02  0.94359096724412E+00  0.99600821418722E+00  0.61926563860724E-05
     842  0.10393900463609E+02  0.94471295412567E+00  0.99609453548288E+00  0.61356933961606E-05
     843  0.10406244763447E+02  0.94583494100694E+00  0.99618222591884E+00  0.60626043623088E-05
     844  0.10418589063285E+02  0.94695692788813E+00  0.99626916905512E+00  0.59930724051733E-05
     845  0.10430933363123E+02  0.94807891476940E+00  0.99635408302729E+00  0.59390681736558E-05
     846  0.10443277662962E+02  0.94920090165095E+00  0.99644100434459E+00  0.58649921107934E-05
     847  0.10455621962800E+02  0.95032288853250E+00  0.99652662743325E+00  0.57957203538277E-05
     848  0.10467966262638E+02  0.95144487541377E+00  0.99661266508232E+00  0.57247430587725E-05
     849  0.10480310562476E+02  0.95256686229532E+00  0.99669716449408E+00  0.56459975855718E-05
     850  0.10492654862314E+02  0.95368884917661E+00  0.99678283667542E+00  0.55786042097712E-05
     851  0.10504999162152E+02  0.95481083605778E+00  0.99686687243409E+00  0.55057620961551E-05
     852  0.10517343461990E+02  0.95593282293904E+00  0.99695074455049E+00  0.54157866388006E-05
     853  0.10529687761828E+02  0.95705480982068E+00  0.99703526032648E+00  0.53449122895492E-05
     854  0.10542032061666E+02  0.95817679670215E+00  0.99711859787815E+00  0.52725944685651E-05
     855  0.10554376361504E+02  0.95929878358344E+00  0.99720054992529E+00  0.52023741480758E-05
     856  0.10566720661342E+02  0.96042077046498E+00  0.99728318926995E+00  0.51310611496975E-05
     857  0.10579064961180E+02  0.96154275734625E+00  0.99736643954575E+00  0.50391105921791E-05
     858  0.10591409261018E+02  0.96266474422751E+00  0.99744639515724E+00  0.49639947946406E-05
     859  0.10603753560856E+02  0.96378673110905E+00  0.99752973270890E+00  0.48727143178932E-05
     860  0.10616097860694E+02  0.96490871799032E+00  0.99761025561358E+00  0.48103602022971E-05
     861  0.10628442160532E+02  0.96603070487182E+00  0.99769011303971E+00  0.47377289522598E-05
     862  0.10640786460370E+02  0.96715269175309E+00  0.99777065230862E+00  0.46707162296977E-05
     863  0.10653130760208E+02  0.96827467863463E+00  0.99785108793743E+00  0.45865884662835E-05
     864  0.10665475060046E+02  0.96939666551589E+00  0.99793103263943E+00  0.45051238506363E-05
     865  0.10677819359884E+02  0.97051865239715E+00  0.99800938455671E+00  0.44362101366634E-05
     866  0.10690163659722E+02  0.97164063927869E+00  0.99808839104305E+00  0.43580204179232E-05
     867  0.10702507959560E+02  0.97276262615998E+00  0.99816839029248E+00  0.42715713787542E-05
     868  0.10714852259398E+02  0.97388461304147E+00  0.99824805134789E+00  0.41799526206757E-05
     869  0.10727196559236E+02  0.97500659992273E+00  0.99832679600661E+00  0.40977195397055E-05
     870  0.10739540859074E+02  0.97612858680436E+00  0.99840545338945E+00  0.39830723743174E-05
     871  0.10751885158912E+02  0.97725057368553E+00  0.99848449805898E+00  0.38804459372261E-05
     872  0.10764229458750E+02  0.97837256056681E+00  0.99856330271987E+00  0.37762018738590E-05
     873  0.10776573758588E+02  0.97949454744835E+00  0.99864089642797E+00  0.36810642628891E-05
     874  0.10788918058426E+02  0.98061653432961E+00  0.99871768828897E+00  0.35629152333604E-05
     875  0.10801262358264E+02  0.98173852121121E+00  0.99879512926430E+00  0.34538203664577E-05
     876  0.10813606658102E+02  0.98286050809274E+00  0.99887319753498E+00  0.33125604875545E-05
     877  0.10825950957940E+02  0.98398249497401E+00  0.99895102034226E+00  0.31945391702099E-05
     878  0.10838295257778E+02  0.98510448185520E+00  0.99902686307812E+00  0.30889696575829E-05
     879  0.10850639557616E+02  0.98622646873645E+00  0.99910085120161E+00  0.29607520028997E-05
     880  0.10862983857454E+02  0.98734845561799E+00  0.99917595754727E+00  0.28376922032565E-05
     881  0.10875328157292E+02  0.98847044249959E+00  0.99925230757415E+00  0.26953857897022E-05
     882  0.10887672457130E+02  0.98959242938086E+00  0.99932560840013E+00  0.25627075337569E-05