       1  0.15245158632056E-01  0.22309764039076E-02  0.54775217604038E-03  0.10982047061200E-05
       2  0.30490317264112E-01  0.44619528078152E-02  0.80429263665705E-03  0.17941449838978E-05
       3  0.45735475896168E-01  0.66929292117224E-02  0.11157840183354E-02  0.27858172434441E-05
       4  0.60980634528224E-01  0.89239056156304E-02  0.15311148022250E-02  0.42402381232196E-05
       5  0.76225793160280E-01  0.11154882019539E-01  0.21118482608845E-02  0.66021706226685E-05
       6  0.91470951792336E-01  0.13385858423445E-01  0.29512815890674E-02  0.10323726617398E-04
       7  0.10671611042439E+00  0.15616834827350E-01  0.42755893979192E-02  0.16895396293134E-04
       8  0.12196126905645E+00  0.17847811231261E-01  0.64096889592776E-02  0.28418594149214E-04
       9  0.13720642768850E+00  0.20078787635164E-01  0.10081850986300E-01  0.47994751611361E-04
      10  0.15245158632056E+00  0.22309764039077E-01  0.16849451912512E-01  0.81899514825484E-04
      11  0.16769674495262E+00  0.24540740442975E-01  0.28919434465561E-01  0.12434320499642E-03
      12  0.18294190358467E+00  0.26771716846890E-01  0.47313869682221E-01  0.15377940854967E-03
      13  0.19818706221673E+00  0.29002693250790E-01  0.69790540018541E-01  0.14626834543391E-03
      14  0.21343222084878E+00  0.31233669654700E-01  0.91823136631301E-01  0.11245478867553E-03
      15  0.22867737948084E+00  0.33464646058613E-01  0.11163992486867E+00  0.89140786826355E-04
      16  0.24392253811290E+00  0.35695622462522E-01  0.12991812755374E+00  0.76441816218829E-04
      17  0.25916769674495E+00  0.37926598866420E-01  0.14703365619850E+00  0.68720485989422E-04
      18  0.27441285537701E+00  0.40157575270327E-01  0.16335758041049E+00  0.63122197283748E-04
      19  0.28965801400906E+00  0.42388551674248E-01  0.17878348559178E+00  0.59376365561654E-04
      20  0.30490317264112E+00  0.44619528078154E-01  0.19351678383807E+00  0.56119017449999E-04
      21  0.32014833127318E+00  0.46850504482052E-01  0.20762876246824E+00  0.53669735569339E-04
      22  0.33539348990523E+00  0.49081480885949E-01  0.22121628639610E+00  0.51863086886758E-04
      23  0.35063864853729E+00  0.51312457289854E-01  0.23431809085720E+00  0.50549530389206E-04
      24  0.36588380716934E+00  0.53543433693780E-01  0.24688434849694E+00  0.49292794916154E-04
      25  0.38112896580140E+00  0.55774410097683E-01  0.25900439982918E+00  0.48472176272730E-04
      26  0.39637412443346E+00  0.58005386501580E-01  0.27073241785126E+00  0.47888094144176E-04
      27  0.41161928306551E+00  0.60236362905482E-01  0.28210272509357E+00  0.47303347650835E-04
      28  0.42686444169757E+00  0.62467339309401E-01  0.29309150099574E+00  0.47007390664798E-04
      29  0.44210960032963E+00  0.64698315713301E-01  0.30368352239562E+00  0.46717976043977E-04
      30  0.45735475896168E+00  0.66929292117225E-01  0.31399195036739E+00  0.46277929880618E-04
      31  0.47259991759374E+00  0.69160268521128E-01  0.32399441289830E+00  0.46081573884604E-04
      32  0.48784507622579E+00  0.71391244925044E-01  0.33368085063006E+00  0.45739361714320E-04
      33  0.50309023485785E+00  0.73622221328945E-01  0.34311113686307E+00  0.45683605248238E-04
      34  0.51833539348991E+00  0.75853197732841E-01  0.35228484239802E+00  0.45574820606209E-04
      35  0.53358055212196E+00  0.78084174136741E-01  0.36119913720214E+00  0.45229499234626E-04
      36  0.54882571075402E+00  0.80315150540655E-01  0.36987770771099E+00  0.45436642088302E-04
      37  0.56407086938607E+00  0.82546126944554E-01  0.37832358514455E+00  0.45430761179325E-04
      38  0.57931602801813E+00  0.84777103348495E-01  0.38654643989922E+00  0.45396236864737E-04
      39  0.59456118665019E+00  0.87008079752396E-01  0.39458978205260E+00  0.45615114590398E-04
      40  0.60980634528224E+00  0.89239056156308E-01  0.40245075474694E+00  0.45475043126852E-04
      41  0.62505150391430E+00  0.91470032560208E-01  0.41009660471175E+00  0.45358201559311E-04
      42  0.64029666254635E+00  0.93701008964103E-01  0.41758758079677E+00  0.45078067494574E-04
      43  0.65554182117841E+00  0.95931985367999E-01  0.42488915928444E+00  0.44917638329380E-04
      44  0.67078697981047E+00  0.98162961771898E-01  0.43201931289486E+00  0.44902498677092E-04
      45  0.68603213844252E+00  0.10039393817581E+00  0.43900017221621E+00  0.45028391741736E-04
      46  0.70127729707458E+00  0.10262491457971E+00  0.44582843777898E+00  0.45180409619781E-04
      47  0.71652245570663E+00  0.10485589098365E+00  0.45250103812577E+00  0.45177596487808E-04
      48  0.73176761433869E+00  0.10708686738756E+00  0.45905988724935E+00  0.45158187257648E-04
      49  0.74701277297075E+00  0.10931784379146E+00  0.46547805289452E+00  0.45329376847072E-04
      50  0.76225793160280E+00  0.11154882019537E+00  0.47175037125738E+00  0.45230717020813E-04
      51  0.77750309023486E+00  0.11377979659928E+00  0.47788094655610E+00  0.45233000384982E-04
      52  0.79274824886691E+00  0.11601077300316E+00  0.48389153382949E+00  0.45273147548509E-04
      53  0.80799340749897E+00  0.11824174940708E+00  0.48979995826037E+00  0.45215924193655E-04
      54  0.82323856613103E+00  0.12047272581096E+00  0.49557643073582E+00  0.45192414857490E-04
      55  0.83848372476308E+00  0.12270370221493E+00  0.50125001609497E+00  0.45194639872091E-04
      56  0.85372888339514E+00  0.12493467861880E+00  0.50682555624227E+00  0.45224061198660E-04
      57  0.86897404202719E+00  0.12716565502273E+00  0.51228823038988E+00  0.45197576377182E-04
      58  0.88421920065925E+00  0.12939663142660E+00  0.51765668188178E+00  0.45087060132548E-04
      59  0.89946435929131E+00  0.13162760783052E+00  0.52293705363274E+00  0.44808724784004E-04
      60  0.91470951792336E+00  0.13385858423445E+00  0.52812324296542E+00  0.44867760900358E-04
      61  0.92995467655542E+00  0.13608956063833E+00  0.53322225119317E+00  0.44909665547931E-04
      62  0.94519983518747E+00  0.13832053704226E+00  0.53824238063968E+00  0.44902473353262E-04
      63  0.96044499381953E+00  0.14055151344612E+00  0.54317805171422E+00  0.44944915801353E-04
      64  0.97569015245159E+00  0.14278248985009E+00  0.54801719318689E+00  0.44780292864241E-04
      65  0.99093531108364E+00  0.14501346625395E+00  0.55279412758807E+00  0.44752663341943E-04
      66  0.10061804697157E+01  0.14724444265789E+00  0.55748704622906E+00  0.44713812060019E-04
      67  0.10214256283478E+01  0.14947541906175E+00  0.56209177782928E+00  0.44872954394300E-04
      68  0.10366707869798E+01  0.15170639546568E+00  0.56662500751099E+00  0.44643983990843E-04
      69  0.10519159456119E+01  0.15393737186962E+00  0.57109883332904E+00  0.44683416900040E-04
      70  0.10671611042439E+01  0.15616834827348E+00  0.57549217086853E+00  0.44695757658708E-04
      71  0.10824062628760E+01  0.15839932467742E+00  0.57983450075539E+00  0.44595052591344E-04
      72  0.10976514215080E+01  0.16063030108131E+00  0.58410597252266E+00  0.44528936827830E-04
      73  0.11128965801401E+01  0.16286127748525E+00  0.58830407803701E+00  0.44527227825096E-04
      74  0.11281417387721E+01  0.16509225388911E+00  0.59243491997579E+00  0.44516884757895E-04
      75  0.11433868974042E+01  0.16732323029305E+00  0.59651609550972E+00  0.44523171452463E-04
      76  0.11586320560363E+01  0.16955420669699E+00  0.60052795535898E+00  0.44524541608091E-04
      77  0.11738772146683E+01  0.17178518310084E+00  0.60448910263013E+00  0.44580324258627E-04
      78  0.11891223733004E+01  0.17401615950479E+00  0.60839273719699E+00  0.44682535254019E-04
      79  0.12043675319324E+01  0.17624713590864E+00  0.61222476254550E+00  0.44669029374918E-04
      80  0.12196126905645E+01  0.17847811231262E+00  0.61600226617223E+00  0.44497699894602E-04
      81  0.12348578491965E+01  0.18070908871646E+00  0.61974598376768E+00  0.44344734008568E-04
      82  0.12501030078286E+01  0.18294006512042E+00  0.62344053121996E+00  0.44342446542553E-04
      83  0.12653481664607E+01  0.18517104152426E+00  0.62705842636228E+00  0.44211546169644E-04
      84  0.12805933250927E+01  0.18740201792821E+00  0.63064680064122E+00  0.44276101379342E-04
      85  0.12958384837248E+01  0.18963299433216E+00  0.63418392584295E+00  0.44149691342064E-04
      86  0.13110836423568E+01  0.19186397073600E+00  0.63768941100982E+00  0.44172350246061E-04
      87  0.13263288009889E+01  0.19409494713996E+00  0.64113999890554E+00  0.44106270360939E-04
      88  0.13415739596209E+01  0.19632592354380E+00  0.64454497096467E+00  0.44153656259962E-04
      89  0.13568191182530E+01  0.19855689994778E+00  0.64790430036224E+00  0.44099562787217E-04
      90  0.13720642768850E+01  0.20078787635161E+00  0.65121916739631E+00  0.44114548700343E-04
      91  0.13873094355171E+01  0.20301885275557E+00  0.65449496388288E+00  0.44073813217689E-04
      92  0.14025545941492E+01  0.20524982915942E+00  0.65772839035246E+00  0.44042776493619E-04
      93  0.14177997527812E+01  0.20748080556337E+00  0.66091190899258E+00  0.44025743622106E-04
      94  0.14330449114133E+01  0.20971178196731E+00  0.66407868886056E+00  0.44199951451327E-04
      95  0.14482900700453E+01  0.21194275837116E+00  0.66720503010833E+00  0.44229241339641E-04
      96  0.14635352286774E+01  0.21417373477512E+00  0.67028653344321E+00  0.44168629894920E-04
      97  0.14787803873094E+01  0.21640471117900E+00  0.67334605372717E+00  0.44049397218292E-04
      98  0.14940255459415E+01  0.21863568758292E+00  0.67635470048328E+00  0.43958805303459E-04
      99  0.15092707045735E+01  0.22086666398677E+00  0.67931783870262E+00  0.43831572291553E-04
     100  0.15245158632056E+01  0.22309764039073E+00  0.68224151741262E+00  0.43897096280507E-04
     101  0.15397610218377E+01  0.22532861679469E+00  0.68513421329917E+00  0.43706847311868E-04
     102  0.15550061804697E+01  0.22755959319855E+00  0.68800720625601E+00  0.43557874936263E-04
     103  0.15702513391018E+01  0.22979056960246E+00  0.69084897496481E+00  0.43495008265593E-04
     104  0.15854964977338E+01  0.23202154600632E+00  0.69364964784199E+00  0.43480932412011E-04
     105  0.16007416563659E+01  0.23425252241028E+00  0.69643076532671E+00  0.43292098616814E-04
     106  0.16159868149979E+01  0.23648349881417E+00  0.69917371089995E+00  0.43272134011130E-04
     107  0.16312319736300E+01  0.23871447521806E+00  0.70188865121978E+00  0.43129568066868E-04
     108  0.16464771322621E+01  0.24094545162193E+00  0.70455982662495E+00  0.42990474912961E-04
     109  0.16617222908941E+01  0.24317642802589E+00  0.70721506800663E+00  0.42862616606423E-04
     110  0.16769674495262E+01  0.24540740442985E+00  0.70983978258910E+00  0.42766681354614E-04
     111  0.16922126081582E+01  0.24763838083372E+00  0.71243224016275E+00  0.42685958543992E-04
     112  0.17074577667903E+01  0.24986935723760E+00  0.71499085805521E+00  0.42721458667960E-04
     113  0.17227029254223E+01  0.25210033364148E+00  0.71753262987570E+00  0.42699504161814E-04
     114  0.17379480840544E+01  0.25433131004546E+00  0.72004376759717E+00  0.42626785865453E-04
     115  0.17531932426864E+01  0.25656228644934E+00  0.72252659157825E+00  0.42566554211373E-04
     116  0.17684384013185E+01  0.25879326285321E+00  0.72498890788096E+00  0.42449085202515E-04
     117  0.17836835599506E+01  0.26102423925708E+00  0.72740409273709E+00  0.42410872639361E-04
     118  0.17989287185826E+01  0.26325521566105E+00  0.72981376506490E+00  0.42374497850493E-04
     119  0.18141738772147E+01  0.26548619206501E+00  0.73219657219990E+00  0.42183571700245E-04
     120  0.18294190358467E+01  0.26771716846890E+00  0.73455172280593E+00  0.42113804974503E-04
     121  0.18446641944788E+01  0.26994814487275E+00  0.73687711112399E+00  0.41923822991397E-04
     122  0.18599093531108E+01  0.27217912127665E+00  0.73918746405456E+00  0.41906115036320E-04
     123  0.18751545117429E+01  0.27441009768062E+00  0.74146602941303E+00  0.41847715349193E-04
     124  0.18903996703749E+01  0.27664107408451E+00  0.74371531533272E+00  0.41776034838661E-04
     125  0.19056448290070E+01  0.27887205048835E+00  0.74594633345780E+00  0.41572078866113E-04
     126  0.19208899876391E+01  0.28110302689224E+00  0.74817519217398E+00  0.41513852258246E-04
     127  0.19361351462711E+01  0.28333400329620E+00  0.75037804409593E+00  0.41432487004584E-04
     128  0.19513803049032E+01  0.28556497970017E+00  0.75255208601583E+00  0.41303480963715E-04
     129  0.19666254635352E+01  0.28779595610407E+00  0.75470824910297E+00  0.41256923753593E-04
     130  0.19818706221673E+01  0.29002693250790E+00  0.75684127566612E+00  0.41128618164524E-04
     131  0.19971157807993E+01  0.29225790891181E+00  0.75894930137086E+00  0.41095250691398E-04
     132  0.20123609394314E+01  0.29448888531578E+00  0.76103581346141E+00  0.41003549311265E-04
     133  0.20276060980635E+01  0.29671986171968E+00  0.76312130620365E+00  0.40956530060084E-04
     134  0.20428512566955E+01  0.29895083812350E+00  0.76516515320269E+00  0.40786404782417E-04
     135  0.20580964153276E+01  0.30118181452747E+00  0.76719373680212E+00  0.40804762555313E-04
     136  0.20733415739596E+01  0.30341279093136E+00  0.76920727160160E+00  0.40717466599160E-04
     137  0.20885867325917E+01  0.30564376733534E+00  0.77119579213020E+00  0.40571158782701E-04
     138  0.21038318912237E+01  0.30787474373924E+00  0.77316470361643E+00  0.40477552153064E-04
     139  0.21190770498558E+01  0.31010572014307E+00  0.77511638006884E+00  0.40406417403142E-04
     140  0.21343222084878E+01  0.31233669654696E+00  0.77704990943895E+00  0.40249789057172E-04
     141  0.21495673671199E+01  0.31456767295094E+00  0.77896415166615E+00  0.40162827775268E-04
     142  0.21648125257520E+01  0.31679864935484E+00  0.78086950142065E+00  0.40043902321448E-04
     143  0.21800576843840E+01  0.31902962575882E+00  0.78275247916237E+00  0.39882397031840E-04
     144  0.21953028430161E+01  0.32126060216262E+00  0.78461871813195E+00  0.39828501242644E-04
     145  0.22105480016481E+01  0.32349157856652E+00  0.78646018425525E+00  0.39786909331249E-04
     146  0.22257931602802E+01  0.32572255497050E+00  0.78828864027520E+00  0.39708294205494E-04
     147  0.22410383189122E+01  0.32795353137440E+00  0.79011065830586E+00  0.39576835184252E-04
     148  0.22562834775443E+01  0.33018450777822E+00  0.79191259785744E+00  0.39503279006918E-04
     149  0.22715286361763E+01  0.33241548418212E+00  0.79369140088501E+00  0.39453438836321E-04
     150  0.22867737948084E+01  0.33464646058610E+00  0.79546506693363E+00  0.39456335434751E-04
     151  0.23020189534405E+01  0.33687743699001E+00  0.79721206897662E+00  0.39389796457829E-04
     152  0.23172641120725E+01  0.33910841339398E+00  0.79894604750378E+00  0.39265641650876E-04
     153  0.23325092707046E+01  0.34133938979777E+00  0.80066064500069E+00  0.39162423629230E-04
     154  0.23477544293366E+01  0.34357036620168E+00  0.80236869720849E+00  0.39010158440086E-04
     155  0.23629995879687E+01  0.34580134260566E+00  0.80405445787838E+00  0.38915004852680E-04
     156  0.23782447466007E+01  0.34803231900958E+00  0.80572773153155E+00  0.38857879661215E-04
     157  0.23934899052328E+01  0.35026329541337E+00  0.80739120066354E+00  0.38801273505446E-04
     158  0.24087350638649E+01  0.35249427181728E+00  0.80903189540843E+00  0.38680324838344E-04
     159  0.24239802224969E+01  0.35472524822126E+00  0.81066080058543E+00  0.38579626496036E-04
     160  0.24392253811290E+01  0.35695622462523E+00  0.81227705779598E+00  0.38489033105225E-04
     161  0.24544705397610E+01  0.35918720102915E+00  0.81388925102579E+00  0.38338331121880E-04
     162  0.24697156983931E+01  0.36141817743292E+00  0.81547915271769E+00  0.38158355886836E-04
     163  0.24849608570251E+01  0.36364915383684E+00  0.81704259159113E+00  0.38014246021777E-04
     164  0.25002060156572E+01  0.36588013024083E+00  0.81860718393765E+00  0.37879145959553E-04
     165  0.25154511742892E+01  0.36811110664475E+00  0.82014515251597E+00  0.37852859650465E-04
     166  0.25306963329213E+01  0.37034208304852E+00  0.82168039836132E+00  0.37765984535984E-04
     167  0.25459414915534E+01  0.37257305945244E+00  0.82319907979673E+00  0.37653899619129E-04
     168  0.25611866501854E+01  0.37480403585641E+00  0.82470776893627E+00  0.37566440820539E-04
     169  0.25764318088175E+01  0.37703501226039E+00  0.82620806186479E+00  0.37566787565083E-04
     170  0.25916769674495E+01  0.37926598866431E+00  0.82769609578870E+00  0.37553828795421E-04
     171  0.26069221260816E+01  0.38149696506808E+00  0.82916980518644E+00  0.37400721197588E-04
     172  0.26221672847136E+01  0.38372794147200E+00  0.83063230175285E+00  0.37304970218001E-04
     173  0.26374124433457E+01  0.38595891787599E+00  0.83208083592999E+00  0.37271656318256E-04
     174  0.26526576019778E+01  0.38818989427991E+00  0.83351743300199E+00  0.37173681636610E-04
     175  0.26679027606098E+01  0.39042087068367E+00  0.83494517783872E+00  0.37071067973820E-04
     176  0.26831479192419E+01  0.39265184708759E+00  0.83636551898778E+00  0.36947595023147E-04
     177  0.26983930778739E+01  0.39488282349157E+00  0.83776166402709E+00  0.36891677000600E-04
     178  0.27136382365060E+01  0.39711379989555E+00  0.83915606544431E+00  0.36772395515020E-04
     179  0.27288833951380E+01  0.39934477629948E+00  0.84052818873609E+00  0.36713036107816E-04
     180  0.27441285537701E+01  0.40157575270323E+00  0.84188849563504E+00  0.36517100264008E-04
     181  0.27593737124021E+01  0.40380672910717E+00  0.84324837333471E+00  0.36349185670181E-04
     182  0.27746188710342E+01  0.40603770551115E+00  0.84459572378022E+00  0.36255183856957E-04
     183  0.27898640296663E+01  0.40826868191507E+00  0.84592262019726E+00  0.36134825659099E-04
     184  0.28051091882983E+01  0.41049965831884E+00  0.84724993240111E+00  0.35992472978277E-04
     185  0.28203543469304E+01  0.41273063472280E+00  0.84857185278894E+00  0.35938305841521E-04
     186  0.28355995055624E+01  0.41496161112675E+00  0.84987238027486E+00  0.35866548048995E-04
     187  0.28508446641945E+01  0.41719258753071E+00  0.85115881124674E+00  0.35718300192502E-04
     188  0.28660898228265E+01  0.41942356393462E+00  0.85244466548208E+00  0.35588574227071E-04
     189  0.28813349814586E+01  0.42165454033841E+00  0.85370893904083E+00  0.35541028057345E-04
     190  0.28965801400906E+01  0.42388551674232E+00  0.85497648524413E+00  0.35518922709141E-04
     191  0.29118252987227E+01  0.42611649314628E+00  0.85622529421611E+00  0.35315775875174E-04
     192  0.29270704573548E+01  0.42834746955024E+00  0.85746302448153E+00  0.35243191674652E-04
     193  0.29423156159868E+01  0.43057844595398E+00  0.85868727520687E+00  0.35023706507211E-04
     194  0.29575607746189E+01  0.43280942235799E+00  0.85989489445990E+00  0.34843328791700E-04
     195  0.29728059332509E+01  0.43504039876189E+00  0.86110928701415E+00  0.34757741769706E-04
     196  0.29880510918830E+01  0.43727137516583E+00  0.86230602874777E+00  0.34623170943857E-04
     197  0.30032962505150E+01  0.43950235156980E+00  0.86350319968068E+00  0.34493375014117E-04
     198  0.30185414091471E+01  0.44173332797355E+00  0.86467852168744E+00  0.34364573413234E-04
     199  0.30337865677792E+01  0.44396430437753E+00  0.86585711633876E+00  0.34223552778533E-04
     200  0.30490317264112E+01  0.44619528078147E+00  0.86701712129601E+00  0.34122670593821E-04
     201  0.30642768850433E+01  0.44842625718535E+00  0.86817527533134E+00  0.34039873893439E-04
     202  0.30795220436753E+01  0.45065723358938E+00  0.86932418816955E+00  0.34008724684144E-04
     203  0.30947672023074E+01  0.45288820999311E+00  0.87045869600673E+00  0.33912297332820E-04
     204  0.31100123609394E+01  0.45511918639710E+00  0.87158235314946E+00  0.33727108482698E-04
     205  0.31252575195715E+01  0.45735016280103E+00  0.87269939794070E+00  0.33607493809331E-04
     206  0.31405026782035E+01  0.45958113920492E+00  0.87381271406314E+00  0.33461536233578E-04
     207  0.31557478368356E+01  0.46181211560876E+00  0.87491847896065E+00  0.33343922420135E-04
     208  0.31709929954677E+01  0.46404309201264E+00  0.87600954378262E+00  0.33260978424683E-04
     209  0.31862381540997E+01  0.46627406841656E+00  0.87709201120639E+00  0.33204013851192E-04
     210  0.32014833127318E+01  0.46850504482056E+00  0.87817298984514E+00  0.33074584388030E-04
     211  0.32167284713638E+01  0.47073602122447E+00  0.87924012680693E+00  0.32868999695886E-04
     212  0.32319736299959E+01  0.47296699762833E+00  0.88029732512275E+00  0.32760227092394E-04
     213  0.32472187886279E+01  0.47519797403220E+00  0.88135213601755E+00  0.32581935571443E-04
     214  0.32624639472600E+01  0.47742895043611E+00  0.88240014678616E+00  0.32455334646568E-04
     215  0.32777091058920E+01  0.47965992684014E+00  0.88343391350347E+00  0.32342094090533E-04
     216  0.32929542645241E+01  0.48189090324386E+00  0.88446962503004E+00  0.32221017674331E-04
     217  0.33081994231562E+01  0.48412187964787E+00  0.88548912087110E+00  0.32032506531505E-04
     218  0.33234445817882E+01  0.48635285605178E+00  0.88649768554285E+00  0.31924241079809E-04
     219  0.33386897404203E+01  0.48858383245568E+00  0.88749864533975E+00  0.31859518209786E-04
     220  0.33539348990523E+01  0.49081480885970E+00  0.88849779445217E+00  0.31729776786802E-04
     221  0.33691800576844E+01  0.49304578526342E+00  0.88948949963947E+00  0.31657604384075E-04
     222  0.33844252163164E+01  0.49527676166745E+00  0.89046730949990E+00  0.31597991073956E-04
     223  0.33996703749485E+01  0.49750773807136E+00  0.89143695116141E+00  0.31508518735885E-04
     224  0.34149155335806E+01  0.49973871447521E+00  0.89239428016842E+00  0.31359596305332E-04
     225  0.34301606922126E+01  0.50196969087910E+00  0.89335264193620E+00  0.31265641013075E-04
     226  0.34454058508447E+01  0.50420066728295E+00  0.89430410969046E+00  0.31110462871577E-04
     227  0.34606510094767E+01  0.50643164368703E+00  0.89524500841231E+00  0.30955270966691E-04
     228  0.34758961681088E+01  0.50866262009092E+00  0.89618578642185E+00  0.30794830154751E-04
     229  0.34911413267408E+01  0.51089359649477E+00  0.89710494351737E+00  0.30621033895854E-04
     230  0.35063864853729E+01  0.51312457289868E+00  0.89802541503571E+00  0.30507905722575E-04
     231  0.35216316440049E+01  0.51535554930252E+00  0.89893390921148E+00  0.30396326637917E-04
     232  0.35368768026370E+01  0.51758652570641E+00  0.89983352432702E+00  0.30330858235237E-04
     233  0.35521219612691E+01  0.51981750211046E+00  0.90073183843222E+00  0.30261939469042E-04
     234  0.35673671199011E+01  0.52204847851417E+00  0.90161741068363E+00  0.30159665051000E-04
     235  0.35826122785332E+01  0.52427945491822E+00  0.90249962981562E+00  0.30051637996633E-04
     236  0.35978574371652E+01  0.52651043132209E+00  0.90337331861180E+00  0.29985562850601E-04
     237  0.36131025957973E+01  0.52874140772597E+00  0.90424889856733E+00  0.29809703863602E-04
     238  0.36283477544293E+01  0.53097238413003E+00  0.90511319862914E+00  0.29641663783287E-04
     239  0.36435929130614E+01  0.53320336053373E+00  0.90597572824389E+00  0.29525457606643E-04
     240  0.36588380716934E+01  0.53543433693780E+00  0.90682108988721E+00  0.29428271136801E-04
     241  0.36740832303255E+01  0.53766531334167E+00  0.90766392998472E+00  0.29278487472166E-04
     242  0.36893283889576E+01  0.53989628974550E+00  0.90850250491433E+00  0.29211482695468E-04
     243  0.37045735475896E+01  0.54212726614944E+00  0.90933655983896E+00  0.29124403150523E-04
     244  0.37198187062217E+01  0.54435824255331E+00  0.91015957629447E+00  0.28994849295340E-04
     245  0.37350638648537E+01  0.54658921895737E+00  0.91098119785229E+00  0.28842333765820E-04
     246  0.37503090234858E+01  0.54882019536124E+00  0.91179064088037E+00  0.28745366397971E-04
     247  0.37655541821178E+01  0.55105117176506E+00  0.91259647595196E+00  0.28659293802741E-04
     248  0.37807993407499E+01  0.55328214816902E+00  0.91340830640108E+00  0.28478020597159E-04
     249  0.37960444993820E+01  0.55551312457284E+00  0.91421171381421E+00  0.28374191781005E-04
     250  0.38112896580140E+01  0.55774410097670E+00  0.91500081011365E+00  0.28267827228657E-04
     251  0.38265348166461E+01  0.55997507738078E+00  0.91577965928015E+00  0.28138062783874E-04
     252  0.38417799752781E+01  0.56220605378447E+00  0.91654874416289E+00  0.27968897580517E-04
     253  0.38570251339102E+01  0.56443703018859E+00  0.91731894228128E+00  0.27868926304290E-04
     254  0.38722702925422E+01  0.56666800659241E+00  0.91808684686599E+00  0.27752897620400E-04
     255  0.38875154511743E+01  0.56889898299626E+00  0.91884597969029E+00  0.27622113284688E-04
     256  0.39027606098063E+01  0.57112995940035E+00  0.91959588472995E+00  0.27546297698846E-04
     257  0.39180057684384E+01  0.57336093580405E+00  0.92034487772112E+00  0.27446547476935E-04
     258  0.39332509270705E+01  0.57559191220814E+00  0.92107742701466E+00  0.27289145006792E-04
     259  0.39484960857025E+01  0.57782288861199E+00  0.92181198817985E+00  0.27149668339071E-04
     260  0.39637412443346E+01  0.58005386501580E+00  0.92253496096432E+00  0.26994520457072E-04
     261  0.39789864029666E+01  0.58228484141993E+00  0.92326089790637E+00  0.26878809639174E-04
     262  0.39942315615987E+01  0.58451581782362E+00  0.92397927021099E+00  0.26760626632353E-04
     263  0.40094767202307E+01  0.58674679422771E+00  0.92468652357162E+00  0.26659463541876E-04
     264  0.40247218788628E+01  0.58897777063156E+00  0.92539214060998E+00  0.26612291236693E-04
     265  0.40399670374948E+01  0.59120874703537E+00  0.92609408262945E+00  0.26491213276380E-04
     266  0.40552121961269E+01  0.59343972343935E+00  0.92679037799581E+00  0.26447759762996E-04
     267  0.40704573547590E+01  0.59567069984316E+00  0.92748503703990E+00  0.26311316929736E-04
     268  0.40857025133910E+01  0.59790167624700E+00  0.92817138034782E+00  0.26181697712066E-04
     269  0.41009476720231E+01  0.60013265265114E+00  0.92885018584329E+00  0.26015358099819E-04
     270  0.41161928306551E+01  0.60236362905493E+00  0.92952291548637E+00  0.25831324416609E-04
     271  0.41314379892872E+01  0.60459460545893E+00  0.93018926079007E+00  0.25700937511345E-04
     272  0.41466831479192E+01  0.60682558186273E+00  0.93085646449234E+00  0.25577488187227E-04
     273  0.41619283065513E+01  0.60905655826656E+00  0.93151627791941E+00  0.25493467910161E-04
     274  0.41771734651834E+01  0.61128753467068E+00  0.93216517358965E+00  0.25413696800499E-04
     275  0.41924186238154E+01  0.61351851107436E+00  0.93281424362210E+00  0.25271872863623E-04
     276  0.42076637824475E+01  0.61574948747847E+00  0.93345880706205E+00  0.25165096303977E-04
     277  0.42229089410795E+01  0.61798046388230E+00  0.93409921263391E+00  0.25052577471481E-04
     278  0.42381540997116E+01  0.62021144028613E+00  0.93473344846604E+00  0.24882418376696E-04
     279  0.42533992583436E+01  0.62244241669025E+00  0.93535429864545E+00  0.24653783678451E-04
     280  0.42686444169757E+01  0.62467339309393E+00  0.93597982977956E+00  0.24581953080787E-04
     281  0.42838895756077E+01  0.62690436949805E+00  0.93659024505133E+00  0.24430496241350E-04
     282  0.42991347342398E+01  0.62913534590188E+00  0.93720257830741E+00  0.24305175774108E-04
     283  0.43143798928719E+01  0.63136632230567E+00  0.93780723962625E+00  0.24139074671743E-04
     284  0.43296250515039E+01  0.63359729870968E+00  0.93840748823994E+00  0.24032146714614E-04
     285  0.43448702101360E+01  0.63582827511347E+00  0.93899975642941E+00  0.23944832198296E-04
     286  0.43601153687680E+01  0.63805925151763E+00  0.93959160883206E+00  0.23765236507844E-04
     287  0.43753605274001E+01  0.64029022792145E+00  0.94018018859017E+00  0.23622984226412E-04
     288  0.43906056860321E+01  0.64252120432524E+00  0.94076365819427E+00  0.23466004712131E-04
     289  0.44058508446642E+01  0.64475218072926E+00  0.94134523663903E+00  0.23270989957404E-04
     290  0.44210960032963E+01  0.64698315713305E+00  0.94191326848132E+00  0.23122509859210E-04
     291  0.44363411619283E+01  0.64921413353687E+00  0.94248606175319E+00  0.22976524618931E-04
     292  0.44515863205604E+01  0.65144510994100E+00  0.94304722640692E+00  0.22896578919397E-04
     293  0.44668314791924E+01  0.65367608634467E+00  0.94359999484961E+00  0.22735558050348E-04
     294  0.44820766378245E+01  0.65590706274881E+00  0.94415378264061E+00  0.22646975109471E-04
     295  0.44973217964565E+01  0.65813803915262E+00  0.94470356010078E+00  0.22476273802610E-04
     296  0.45125669550886E+01  0.66036901555643E+00  0.94524555832389E+00  0.22288793075101E-04
     297  0.45278121137206E+01  0.66259999196057E+00  0.94577965659765E+00  0.22117205526787E-04
     298  0.45430572723527E+01  0.66483096836424E+00  0.94631822122648E+00  0.21975364800815E-04
     299  0.45583024309848E+01  0.66706194476839E+00  0.94684659237227E+00  0.21820660385294E-04
     300  0.45735475896168E+01  0.66929292117220E+00  0.94736848529134E+00  0.21713998250666E-04
     301  0.45887927482489E+01  0.67152389757597E+00  0.94789544812697E+00  0.21581257187813E-04
     302  0.46040379068809E+01  0.67375487398001E+00  0.94841103718153E+00  0.21382571421996E-04
     303  0.46192830655130E+01  0.67598585038382E+00  0.94891840438728E+00  0.21235321304088E-04
     304  0.46345282241450E+01  0.67821682678796E+00  0.94942557040585E+00  0.21124857107938E-04
     305  0.46497733827771E+01  0.68044780319177E+00  0.94992851149396E+00  0.20995229479347E-04
     306  0.46650185414091E+01  0.68267877959554E+00  0.95042604735356E+00  0.20905421504281E-04
     307  0.46802637000412E+01  0.68490975599959E+00  0.95092037763099E+00  0.20763285332303E-04
     308  0.46955088586733E+01  0.68714073240336E+00  0.95141085852733E+00  0.20629481864701E-04
     309  0.47107540173053E+01  0.68937170880717E+00  0.95189598784508E+00  0.20494229822221E-04
     310  0.47259991759374E+01  0.69160268521132E+00  0.95238063431362E+00  0.20361177655687E-04
     311  0.47412443345694E+01  0.69383366161511E+00  0.95286250439929E+00  0.20221655519943E-04
     312  0.47564894932015E+01  0.69606463801917E+00  0.95333722563436E+00  0.20072848094488E-04
     313  0.47717346518335E+01  0.69829561442294E+00  0.95381040443449E+00  0.19914849710083E-04
     314  0.47869798104656E+01  0.70052659082673E+00  0.95427702453303E+00  0.19766840197755E-04
     315  0.48022249690977E+01  0.70275756723089E+00  0.95473846741519E+00  0.19626503387196E-04
     316  0.48174701277297E+01  0.70498854363456E+00  0.95519144702393E+00  0.19487936151339E-04
     317  0.48327152863618E+01  0.70721952003872E+00  0.95563640597102E+00  0.19296117346551E-04
     318  0.48479604449938E+01  0.70945049644251E+00  0.95607758259940E+00  0.19167379640393E-04
     319  0.48632056036259E+01  0.71168147284627E+00  0.95652755781314E+00  0.19026540003280E-04
     320  0.48784507622579E+01  0.71391244925047E+00  0.95696363770001E+00  0.18914517694995E-04
     321  0.48936959208900E+01  0.71614342565413E+00  0.95739872506352E+00  0.18792247146444E-04
     322  0.49089410795220E+01  0.71837440205829E+00  0.95782669040139E+00  0.18647613282965E-04
     323  0.49241862381541E+01  0.72060537846208E+00  0.95825568850003E+00  0.18500024192237E-04
     324  0.49394313967862E+01  0.72283635486585E+00  0.95868258083969E+00  0.18380966768877E-04
     325  0.49546765554182E+01  0.72506733126992E+00  0.95909577903962E+00  0.18272721375093E-04
     326  0.49699217140503E+01  0.72729830767368E+00  0.95950766281675E+00  0.18188704158836E-04
     327  0.49851668726823E+01  0.72952928407747E+00  0.95991585816251E+00  0.18088307499055E-04
     328  0.50004120313144E+01  0.73176026048166E+00  0.96032522039383E+00  0.17922045459166E-04
     329  0.50156571899464E+01  0.73399123688542E+00  0.96072799709861E+00  0.17779988733464E-04
     330  0.50309023485785E+01  0.73622221328950E+00  0.96112548928719E+00  0.17650800760576E-04
     331  0.50461475072105E+01  0.73845318969325E+00  0.96151635571178E+00  0.17473944301554E-04
     332  0.50613926658426E+01  0.74068416609704E+00  0.96190702094922E+00  0.17290223303171E-04
     333  0.50766378244747E+01  0.74291514250121E+00  0.96229806173603E+00  0.17185543802029E-04
     334  0.50918829831067E+01  0.74514611890487E+00  0.96268263770859E+00  0.17000341022810E-04
     335  0.51071281417388E+01  0.74737709530905E+00  0.96305938079419E+00  0.16892045755309E-04
     336  0.51223733003708E+01  0.74960807171283E+00  0.96343706275323E+00  0.16750939411019E-04
     337  0.51376184590029E+01  0.75183904811661E+00  0.96381216951655E+00  0.16611726108479E-04
     338  0.51528636176349E+01  0.75407002452078E+00  0.96418142843960E+00  0.16475830506480E-04
     339  0.51681087762670E+01  0.75630100092444E+00  0.96454740130562E+00  0.16343465672896E-04
     340  0.51833539348991E+01  0.75853197732862E+00  0.96490800918057E+00  0.16168048788902E-04
     341  0.51985990935311E+01  0.76076295373241E+00  0.96526373491365E+00  0.16003539984218E-04
     342  0.52138442521632E+01  0.76299393013615E+00  0.96561710005065E+00  0.15839495733354E-04
     343  0.52290894107952E+01  0.76522490654025E+00  0.96596728643044E+00  0.15685268068557E-04
     344  0.52443345694273E+01  0.76745588294399E+00  0.96631379779134E+00  0.15509773582586E-04
     345  0.52595797280593E+01  0.76968685934820E+00  0.96666033597720E+00  0.15353156077228E-04
     346  0.52748248866914E+01  0.77191783575198E+00  0.96699664044259E+00  0.15222611053731E-04
     347  0.52900700453234E+01  0.77414881215572E+00  0.96733086597394E+00  0.15067894964511E-04
     348  0.53053152039555E+01  0.77637978855982E+00  0.96766568165431E+00  0.14892952079372E-04
     349  0.53205603625876E+01  0.77861076496357E+00  0.96799548106802E+00  0.14736770520696E-04
     350  0.53358055212196E+01  0.78084174136734E+00  0.96831338361403E+00  0.14571029445755E-04
     351  0.53510506798517E+01  0.78307271777153E+00  0.96863249328303E+00  0.14413088649555E-04
     352  0.53662958384837E+01  0.78530369417518E+00  0.96895023487931E+00  0.14282069842110E-04
     353  0.53815409971158E+01  0.78753467057940E+00  0.96926541469235E+00  0.14159095399962E-04
     354  0.53967861557478E+01  0.78976564698314E+00  0.96957573918847E+00  0.14051754763901E-04
     355  0.54120313143799E+01  0.79199662338691E+00  0.96987864658443E+00  0.13922974549123E-04
     356  0.54272764730119E+01  0.79422759979110E+00  0.97017790578646E+00  0.13773473600202E-04
     357  0.54425216316440E+01  0.79645857619476E+00  0.97047725887584E+00  0.13607074927219E-04
     358  0.54577667902761E+01  0.79868955259895E+00  0.97076928875240E+00  0.13474484170173E-04
     359  0.54730119489081E+01  0.80092052900272E+00  0.97106072847995E+00  0.13326458080223E-04
     360  0.54882571075402E+01  0.80315150540646E+00  0.97134674956651E+00  0.13197103053039E-04
     361  0.55035022661722E+01  0.80538248181057E+00  0.97162768732403E+00  0.13023056323721E-04
     362  0.55187474248043E+01  0.80761345821434E+00  0.97190430626373E+00  0.12882816905232E-04
     363  0.55339925834363E+01  0.80984443461852E+00  0.97218270906297E+00  0.12752647920035E-04
     364  0.55492377420684E+01  0.81207541102229E+00  0.97245475434779E+00  0.12615340451730E-04
     365  0.55644829007005E+01  0.81430638742605E+00  0.97272492188573E+00  0.12456412700715E-04
     366  0.55797280593325E+01  0.81653736383013E+00  0.97299417737519E+00  0.12342943299442E-04
     367  0.55949732179646E+01  0.81876834023388E+00  0.97325437944221E+00  0.12197657930272E-04
     368  0.56102183765966E+01  0.82099931663767E+00  0.97351247575024E+00  0.12047402684315E-04
     369  0.56254635352287E+01  0.82323029304182E+00  0.97376677632708E+00  0.11889906683383E-04
     370  0.56407086938607E+01  0.82546126944561E+00  0.97402134515348E+00  0.11729290182646E-04
     371  0.56559538524928E+01  0.82769224584973E+00  0.97427066970111E+00  0.11592548281818E-04
     372  0.56711990111248E+01  0.82992322225349E+00  0.97451582296817E+00  0.11419894959588E-04
     373  0.56864441697569E+01  0.83215419865722E+00  0.97475727439140E+00  0.11282359787124E-04
     374  0.57016893283890E+01  0.83438517506143E+00  0.97499671394297E+00  0.11134019043512E-04
     375  0.57169344870210E+01  0.83661615146511E+00  0.97523713260541E+00  0.10987950943467E-04
     376  0.57321796456531E+01  0.83884712786924E+00  0.97546712977270E+00  0.10859958274116E-04
     377  0.57474248042851E+01  0.84107810427304E+00  0.97569178877386E+00  0.10722073869840E-04
     378  0.57626699629172E+01  0.84330908067681E+00  0.97591913027057E+00  0.10548469688608E-04
     379  0.57779151215492E+01  0.84554005708095E+00  0.97614082511417E+00  0.10397682175753E-04
     380  0.57931602801813E+01  0.84777103348465E+00  0.97635960945011E+00  0.10228665736866E-04
     381  0.58084054388134E+01  0.85000200988886E+00  0.97657418226806E+00  0.10099838306135E-04
     382  0.58236505974454E+01  0.85223298629255E+00  0.97678534831668E+00  0.99316085936132E-05
     383  0.58388957560775E+01  0.85446396269634E+00  0.97699275887155E+00  0.97840640236561E-05
     384  0.58541409147095E+01  0.85669493910047E+00  0.97720082663782E+00  0.96095149053234E-05
     385  0.58693860733416E+01  0.85892591550426E+00  0.97739687682410E+00  0.94647584411288E-05
     386  0.58846312319736E+01  0.86115689190795E+00  0.97759420119575E+00  0.93304884694414E-05
     387  0.58998763906057E+01  0.86338786831219E+00  0.97778932592106E+00  0.91660740407924E-05
     388  0.59151215492377E+01  0.86561884471598E+00  0.97798078903997E+00  0.90216165736140E-05
     389  0.59303667078698E+01  0.86784982111998E+00  0.97816859055247E+00  0.88818518658235E-05
     390  0.59456118665019E+01  0.87008079752377E+00  0.97835553366639E+00  0.87323382199219E-05
     391  0.59608570251339E+01  0.87231177392760E+00  0.97853629362811E+00  0.85734777377747E-05
     392  0.59761021837660E+01  0.87454275033167E+00  0.97871705358982E+00  0.84242645465755E-05
     393  0.59913473423980E+01  0.87677372673539E+00  0.97888971241502E+00  0.82962132208701E-05
     394  0.60065925010301E+01  0.87900470313960E+00  0.97906135189191E+00  0.81476650878247E-05
     395  0.60218376596621E+01  0.88123567954344E+00  0.97922865913851E+00  0.80092804944456E-05
     396  0.60370828182942E+01  0.88346665594710E+00  0.97939269374056E+00  0.78758062456853E-05
     397  0.60523279769262E+01  0.88569763235132E+00  0.97955659421783E+00  0.77253679449602E-05
     398  0.60675731355583E+01  0.88792860875505E+00  0.97971594786516E+00  0.75542183098310E-05
     399  0.60828182941904E+01  0.89015958515909E+00  0.97987221664263E+00  0.74311417812194E-05
     400  0.60980634528224E+01  0.89239056156293E+00  0.98002588339943E+00  0.73092098340005E-05
     401  0.61133086114545E+01  0.89462153796675E+00  0.98017610314946E+00  0.71509305346585E-05
     402  0.61285537700865E+01  0.89685251437070E+00  0.98032244669345E+00  0.70007419967588E-05
     403  0.61437989287186E+01  0.89908349077451E+00  0.98046606750446E+00  0.68531575515275E-05
     404  0.61590440873506E+01  0.90131446717876E+00  0.98060708629481E+00  0.66838489120855E-05
     405  0.61742892459827E+01  0.90354544358240E+00  0.98074544941457E+00  0.65571290161260E-05
     406  0.61895344046148E+01  0.90577641998622E+00  0.98087972172864E+00  0.64077269858556E-05
     407  0.62047795632468E+01  0.90800739639037E+00  0.98101183463381E+00  0.62460339782302E-05
     408  0.62200247218789E+01  0.91023837279420E+00  0.98113693281314E+00  0.61091826690985E-05
     409  0.62352698805109E+01  0.91246934919783E+00  0.98126288939105E+00  0.59606586587665E-05
     410  0.62505150391430E+01  0.91470032560206E+00  0.98138396382708E+00  0.58034200992142E-05
     411  0.62657601977750E+01  0.91693130200582E+00  0.98150059873300E+00  0.56526456186307E-05
     412  0.62810053564071E+01  0.91916227840983E+00  0.98161543636691E+00  0.54726821090245E-05
     413  0.62962505150391E+01  0.92139325481367E+00  0.98172688064397E+00  0.53289952309295E-05
     414  0.63114956736712E+01  0.92362423121753E+00  0.98183412681551E+00  0.51900325639465E-05
     415  0.63267408323033E+01  0.92585520762151E+00  0.98194023292645E+00  0.50277517260315E-05
     416  0.63419859909353E+01  0.92808618402528E+00  0.98204240918143E+00  0.48785832118888E-05
     417  0.63572311495674E+01  0.93031716042951E+00  0.98214139326672E+00  0.47389885241499E-05
     418  0.63724763081994E+01  0.93254813683312E+00  0.98223639384614E+00  0.45794666397708E-05
     419  0.63877214668315E+01  0.93477911323696E+00  0.98232690124554E+00  0.44354325017658E-05
     420  0.64029666254635E+01  0.93701008964112E+00  0.98241758300714E+00  0.42809297468366E-05
     421  0.64182117840956E+01  0.93924106604499E+00  0.98250461657482E+00  0.41333334046930E-05
     422  0.64334569427276E+01  0.94147204244895E+00  0.98258876645979E+00  0.39707608015683E-05
     423  0.64487021013597E+01  0.94370301885282E+00  0.98266874506421E+00  0.38180271946159E-05
     424  0.64639472599918E+01  0.94593399525667E+00  0.98274640330998E+00  0.36707893111218E-05
     425  0.64791924186238E+01  0.94816497166056E+00  0.98281845514009E+00  0.35249749780654E-05
     426  0.64944375772559E+01  0.95039594806441E+00  0.98289003753348E+00  0.33749499161087E-05
     427  0.65096827358879E+01  0.95262692446829E+00  0.98295876306912E+00  0.32345929489386E-05
     428  0.65249278945200E+01  0.95485790087223E+00  0.98302331732420E+00  0.30610833252890E-05
     429  0.65401730531520E+01  0.95708887727611E+00  0.98308439774756E+00  0.28985279948230E-05
     430  0.65554182117841E+01  0.95931985368027E+00  0.98314136054028E+00  0.27541524727720E-05
     431  0.65706633704162E+01  0.96155083008413E+00  0.98319747834690E+00  0.26030151787784E-05
     432  0.65859085290482E+01  0.96378180648771E+00  0.98324852623695E+00  0.24531065161483E-05
     433  0.66011536876803E+01  0.96601278289196E+00  0.98329714646855E+00  0.23094804897255E-05
     434  0.66163988463123E+01  0.96824375929575E+00  0.98334223921851E+00  0.21700833572085E-05
     435  0.66316440049444E+01  0.97047473569967E+00  0.98338415321127E+00  0.20194181054168E-05
     436  0.66468891635764E+01  0.97270571210356E+00  0.98342394803255E+00  0.18699380660094E-05
     437  0.66621343222085E+01  0.97493668850745E+00  0.98346177121961E+00  0.16958859538721E-05
     438  0.66773794808405E+01  0.97716766491137E+00  0.98349500733931E+00  0.15454846797115E-05
     439  0.66926246394726E+01  0.97939864131517E+00  0.98352397829110E+00  0.14024997844687E-05
     440  0.67078697981047E+01  0.98162961771941E+00  0.98355225179405E+00  0.12305498046340E-05
     441  0.67231149567367E+01  0.98386059412296E+00  0.98357702464033E+00  0.10758423816866E-05
     442  0.67383601153688E+01  0.98609157052684E+00  0.98359715676933E+00  0.93455251224799E-06
     443  0.67536052740008E+01  0.98832254693102E+00  0.98361419061599E+00  0.79793326196715E-06
     444  0.67688504326329E+01  0.99055352333490E+00  0.98362822006764E+00  0.65523011237273E-06
     445  0.67840955912649E+01  0.99278449973845E+00  0.98364049248472E+00  0.48415894774824E-06
     446  0.67993407498970E+01  0.99501547614271E+00  0.98364868750858E+00  0.33351091109065E-06
     447  0.68145859085290E+01  0.99724645254660E+00  0.98365395861231E+00  0.18707886979374E-06
     448  0.68298310671611E+01  0.99947742895041E+00  0.98365597048397E+00  0.40221519582797E-07