# 2D bond percolation simulation results
# L=1024, MC_STEPS=100, P_POINTS=101
# p_values, square_mean, square_std, triangular_mean, triangular_std, hexagonal_mean, hexagonal_std
0.000000 0.000000 0.000000 0.000000 0.000000 0.000000 0.000000
0.010000 0.000004 0.000000 0.000005 0.000000 0.000002 0.000000
0.020000 0.000005 0.000000 0.000006 0.000000 0.000003 0.000000
0.030000 0.000006 0.000000 0.000008 0.000000 0.000003 0.000000
0.040000 0.000007 0.000000 0.000009 0.000000 0.000003 0.000000
0.050000 0.000008 0.000000 0.000011 0.000000 0.000003 0.000000
0.060000 0.000009 0.000000 0.000013 0.000000 0.000004 0.000000
0.070000 0.000010 0.000000 0.000014 0.000000 0.000004 0.000000
0.080000 0.000011 0.000000 0.000016 0.000000 0.000005 0.000000
0.090000 0.000012 0.000000 0.000019 0.000000 0.000005 0.000000
0.100000 0.000013 0.000000 0.000021 0.000000 0.000005 0.000000
0.110000 0.000014 0.000000 0.000025 0.000000 0.000005 0.000000
0.120000 0.000016 0.000000 0.000028 0.000000 0.000006 0.000000
0.130000 0.000017 0.000000 0.000032 0.000000 0.000006 0.000000
0.140000 0.000019 0.000000 0.000037 0.000000 0.000007 0.000000
0.150000 0.000020 0.000000 0.000041 0.000001 0.000007 0.000000
0.160000 0.000022 0.000000 0.000048 0.000001 0.000007 0.000000
0.170000 0.000024 0.000000 0.000056 0.000001 0.000008 0.000000
0.180000 0.000026 0.000000 0.000064 0.000001 0.000008 0.000000
0.190000 0.000028 0.000000 0.000077 0.000001 0.000009 0.000000
0.200000 0.000030 0.000000 0.000089 0.000001 0.000009 0.000000
0.210000 0.000033 0.000000 0.000103 0.000001 0.000010 0.000000
0.220000 0.000037 0.000000 0.000128 0.000002 0.000011 0.000000
0.230000 0.000040 0.000001 0.000153 0.000002 0.000012 0.000000
0.240000 0.000045 0.000000 0.000185 0.000002 0.000012 0.000000
0.250000 0.000049 0.000001 0.000235 0.000003 0.000013 0.000000
0.260000 0.000054 0.000001 0.000308 0.000005 0.000014 0.000000
0.270000 0.000060 0.000001 0.000402 0.000006 0.000015 0.000000
0.280000 0.000068 0.000001 0.000561 0.000008 0.000016 0.000000
0.290000 0.000074 0.000001 0.000796 0.000014 0.000017 0.000000
0.300000 0.000084 0.000001 0.001235 0.000028 0.000018 0.000000
0.310000 0.000095 0.000001 0.002013 0.000037 0.000019 0.000000
0.320000 0.000109 0.000001 0.003905 0.000077 0.000020 0.000000
0.330000 0.000122 0.000001 0.009826 0.000272 0.000022 0.000000
0.340000 0.000142 0.000002 0.050557 0.001885 0.000024 0.000000
0.350000 0.000160 0.000002 0.616691 0.003135 0.000026 0.000000
0.360000 0.000188 0.000002 0.761786 0.000509 0.000027 0.000000
0.370000 0.000228 0.000003 0.819434 0.000233 0.000029 0.000000
0.380000 0.000269 0.000003 0.856180 0.000139 0.000032 0.000000
0.390000 0.000328 0.000004 0.882081 0.000112 0.000035 0.000000
0.400000 0.000406 0.000006 0.901851 0.000080 0.000038 0.000000
0.410000 0.000509 0.000008 0.917321 0.000072 0.000041 0.000000
0.420000 0.000640 0.000011 0.929847 0.000055 0.000045 0.000001
0.430000 0.000880 0.000013 0.940161 0.000050 0.000051 0.000001
0.440000 0.001211 0.000024 0.948723 0.000044 0.000055 0.000001
0.450000 0.001749 0.000033 0.955954 0.000032 0.000060 0.000001
0.460000 0.002967 0.000067 0.962087 0.000029 0.000069 0.000001
0.470000 0.005161 0.000127 0.967253 0.000025 0.000076 0.000001
0.480000 0.011712 0.000346 0.971753 0.000024 0.000087 0.000001
0.490000 0.044409 0.001601 0.975569 0.000018 0.000098 0.000001
0.500000 0.468649 0.009411 0.978912 0.000018 0.000112 0.000002
0.510000 0.727529 0.000792 0.981805 0.000019 0.000128 0.000002
0.520000 0.796642 0.000315 0.984244 0.000016 0.000152 0.000002
0.530000 0.837731 0.000191 0.986429 0.000014 0.000177 0.000002
0.540000 0.866338 0.000148 0.988342 0.000014 0.000214 0.000003
0.550000 0.888196 0.000114 0.989938 0.000012 0.000263 0.000004
0.560000 0.905582 0.000100 0.991344 0.000010 0.000316 0.000004
0.570000 0.919518 0.000069 0.992589 0.000009 0.000410 0.000006
0.580000 0.931164 0.000060 0.993661 0.000009 0.000537 0.000008
0.590000 0.940840 0.000049 0.994583 0.000008 0.000724 0.000010
0.600000 0.949020 0.000040 0.995395 0.000007 0.001032 0.000016
0.610000 0.955958 0.000039 0.996081 0.000008 0.001657 0.000033
0.620000 0.961980 0.000034 0.996688 0.000006 0.002958 0.000066
0.630000 0.967196 0.000029 0.997196 0.000006 0.006116 0.000132
0.640000 0.971664 0.000026 0.997647 0.000006 0.018717 0.000488
0.650000 0.975539 0.000023 0.998034 0.000004 0.210912 0.009695
0.660000 0.978966 0.000023 0.998351 0.000004 0.708645 0.000896
0.670000 0.981854 0.000017 0.998634 0.000004 0.793275 0.000328
0.680000 0.984422 0.000019 0.998875 0.000004 0.840871 0.000169
0.690000 0.986657 0.000014 0.999066 0.000003 0.872592 0.000119
0.700000 0.988607 0.000014 0.999242 0.000003 0.895804 0.000082
0.710000 0.990294 0.000013 0.999382 0.000002 0.914038 0.000068
0.720000 0.991742 0.000011 0.999508 0.000002 0.928697 0.000057
0.730000 0.993011 0.000010 0.999601 0.000002 0.940560 0.000041
0.740000 0.994126 0.000008 0.999685 0.000002 0.950294 0.000035
0.750000 0.995087 0.000009 0.999752 0.000002 0.958506 0.000031
0.760000 0.995898 0.000007 0.999805 0.000001 0.965359 0.000025
0.770000 0.996604 0.000007 0.999850 0.000001 0.971161 0.000022
0.780000 0.997193 0.000005 0.999884 0.000001 0.976053 0.000019
0.790000 0.997726 0.000005 0.999913 0.000001 0.980134 0.000016
0.800000 0.998153 0.000004 0.999935 0.000001 0.983628 0.000015
0.810000 0.998505 0.000004 0.999953 0.000001 0.986568 0.000012
0.820000 0.998822 0.000004 0.999965 0.000001 0.989098 0.000010
0.830000 0.999072 0.000003 0.999976 0.000000 0.991189 0.000009
0.840000 0.999284 0.000003 0.999983 0.000000 0.992948 0.000009
0.850000 0.999446 0.000003 0.999989 0.000000 0.994399 0.000008
0.860000 0.999590 0.000002 0.999993 0.000000 0.995633 0.000005
0.870000 0.999695 0.000002 0.999995 0.000000 0.996635 0.000005
0.880000 0.999783 0.000002 0.999997 0.000000 0.997447 0.000004
0.890000 0.999847 0.000001 0.999998 0.000000 0.998103 0.000004
0.900000 0.999897 0.000001 0.999999 0.000000 0.998623 0.000003
0.910000 0.999933 0.000001 0.999999 0.000000 0.999035 0.000003
0.920000 0.999958 0.000001 1.000000 0.000000 0.999341 0.000002
0.930000 0.999975 0.000000 1.000000 0.000000 0.999572 0.000002
0.940000 0.999987 0.000000 1.000000 0.000000 0.999740 0.000001
0.950000 0.999994 0.000000 1.000000 0.000000 0.999853 0.000001
0.960000 0.999997 0.000000 1.000000 0.000000 0.999927 0.000001
0.970000 0.999999 0.000000 1.000000 0.000000 0.999971 0.000000
0.980000 1.000000 0.000000 1.000000 0.000000 0.999992 0.000000
0.990000 1.000000 0.000000 1.000000 0.000000 0.999999 0.000000
1.000000 1.000000 0.000000 1.000000 0.000000 1.000000 0.000000
