       4    0.916476299949E+01    0.261583434419E-02  0.03 2D       0
       6    0.160976723773E+02    0.360449727397E-01  0.03 2D       0
       8    0.234658747692E+02    0.700103535621E-02  0.03 2D       0
      12    0.399646376899E+02    0.320758541973E-01  0.03 2D       0
      16    0.588218711220E+02    0.127224949552E-01  0.01 2D       0
      24    0.104302391186E+03    0.194882976256E-01  0.01 2D       0
      32    0.160289055028E+03    0.266399313598E-01  0.01 2D       0
      48    0.304589442460E+03    0.411375002989E-01  0.01 2D       0
      64    0.492435205078E+03    0.719323376711E-01  0.00 2D       0
      96    0.999077807617E+03    0.111925923409E+00  0.00 2D       0
     128    0.168084749023E+04    0.154613769638E+00  0.00 2D       0
     192    0.357078112305E+04    0.243889392484E+00  0.00 2D       0
     256    0.616195534180E+04    0.481400233500E+00  0.00 2D       0
     384    0.134455332227E+05    0.773832016411E+00  0.00 2D       0
     512    0.235276587402E+05    0.106090175548E+01  0.00 2D       0
     768    0.520915066895E+05    0.169952181538E+01  0.00 2D       0
    1024    0.918387536523E+05    0.336721550938E+01  0.00 2D       0
    1536    0.204868993418E+06    0.542545072762E+01  0.00 2D       0
    2048    0.362616234687E+06    0.762612147602E+01  0.00 2D       0
    3072    0.812155433809E+06    0.120492675002E+02  0.00 2D       0
    4096    0.144039820127E+07    0.169632403265E+02  0.00 2D       0
