       4    0.674439033244E+01    0.302179717629E-02  0.03 2D       0
       6    0.106938041044E+02    0.273401581754E-01  0.03 2D       0
       8    0.144540386769E+02    0.752144418642E-02  0.03 2D       0
      12    0.217499303832E+02    0.268673347207E-01  0.03 2D       0
      16    0.286827385817E+02    0.119161982069E-01  0.01 2D       0
      24    0.420504994249E+02    0.179485238281E-01  0.01 2D       0
      32    0.550090774260E+02    0.239893358073E-01  0.01 2D       0
      48    0.801075821781E+02    0.357193274850E-01  0.01 2D       0
      64    0.104935952148E+03    0.607801967090E-01  0.00 2D       0
      96    0.153732294922E+03    0.942193508219E-01  0.00 2D       0
     128    0.202586083984E+03    0.127080046722E+00  0.00 2D       0
     192    0.301219965820E+03    0.198798368865E+00  0.00 2D       0
     256    0.401086367188E+03    0.385555965578E+00  0.00 2D       0
     384    0.606488544922E+03    0.616801807562E+00  0.00 2D       0
     512    0.815136591797E+03    0.832812497847E+00  0.00 2D       0
     768    0.124909618164E+04    0.133440077605E+01  0.00 2D       0
    1024    0.169698669922E+04    0.265049894339E+01  0.00 2D       0
    1536    0.262767970703E+04    0.416742768335E+01  0.00 2D       0
    2048    0.359265326172E+04    0.570626346413E+01  0.00 2D       0
    3072    0.561075210937E+04    0.891500388783E+01  0.00 2D       0
    4096    0.775406628906E+04    0.127108308207E+02  0.00 2D       0
