       4    0.155916316283E+00    0.843461440463E-04  0.03 2D       0
       6    0.124784287865E+00    0.276854447910E-02  0.03 2D       0
       8    0.123479261694E+00    0.153313602219E-01  0.03 2D       0
      12    0.996554075591E-01    0.522901536904E-02  0.03 2D       0
      16    0.872530801038E-01    0.639933008746E-03  0.01 2D       0
      24    0.789535008912E-01    0.133063419741E-02  0.01 2D       0
      32    0.918484476275E-01    0.168815884488E-01  0.01 2D       0
      48    0.726922235755E-01    0.653269410981E-02  0.01 2D       0
      64    0.615884635737E-01    0.523756074897E-04  0.00 2D       0
      96    0.563152464740E-01    0.477803343927E-04  0.00 2D       0
     128    0.528651614513E-01    0.451459051180E-04  0.00 2D       0
     192    0.484391384653E-01    0.413833356375E-04  0.00 2D       0
     256    0.455841149770E-01    0.562188907133E-04  0.00 2D       0
     384    0.417707095536E-01    0.512008381480E-04  0.00 2D       0
     512    0.392992262692E-01    0.482788393085E-04  0.00 2D       0
     768    0.360467070340E-01    0.435952913066E-04  0.00 2D       0
    1024    0.339263132348E-01    0.586309047666E-04  0.00 2D       0
    1536    0.312704450782E-01    0.545303168523E-04  0.00 2D       0
    2048    0.293892225433E-01    0.507599019903E-04  0.00 2D       0
    3072    0.270366197973E-01    0.464550194867E-04  0.00 2D       0
    4096    0.254103903922E-01    0.443331589412E-04  0.00 2D       0
