       8    0.842492316456E+01    0.246188377709E-02  8.00
      16    0.155591534487E+02    0.454247907210E-02  8.00
      32    0.271777163830E+02    0.807733142319E-02  8.00
      64    0.457588175599E+02    0.186508607841E-01  4.00
     128    0.751392275157E+02    0.313025163038E-01  4.00
     256    0.121366603052E+03    0.703806239915E-01  2.00
     512    0.194732329489E+03    0.120028211842E+00  2.00
    1024    0.310477722860E+03    0.268599011205E+00  1.00
    2048    0.492446617741E+03    0.426239136274E+00  1.00
    4096    0.781191171739E+03    0.924107563099E+00  0.00
    8192    0.124023321728E+04    0.156184782217E+01  0.51
