       8    0.631440244121E-01    0.275331922373E-04  8.00
      16    0.332371858291E-01    0.145857736780E-04  8.00
      32    0.160143527288E-01    0.706936371598E-05  8.00
      64    0.723943362974E-02    0.453356822270E-05  4.00
     128    0.314167842680E-02    0.193084828641E-05  4.00
     256    0.132418187156E-02    0.112286313041E-05  2.00
     512    0.548006818281E-03    0.472883943517E-06  2.00
    1024    0.223819102395E-03    0.266011154366E-06  1.00
    2048    0.904639104346E-04    0.107338351005E-06  1.00
    4096    0.364607804095E-04    0.629583369500E-07  0.00
    8192    0.145524673514E-04    0.244212972287E-07  0.51
