       4    0.843111083984E+01    0.551239680755E-02  0.00
       6    0.145912622070E+02    0.764189893457E-02  0.00
       8    0.215426904297E+02    0.886507998582E-02  0.00
      12    0.385380590820E+02    0.105644557366E-01  0.00
      16    0.599618554688E+02    0.154183909130E-01  0.00
      24    0.117050581055E+03    0.209854138256E-01  0.00
      32    0.193559262695E+03    0.261596764383E-01  0.00
      48    0.406070664062E+03    0.393306080266E-01  0.00
      64    0.698499707031E+03    0.723209297759E-01  0.00
      96    0.152572569824E+04    0.112257174218E+00  0.00
     128    0.267656079590E+04    0.149243303783E+00  0.00
     192    0.595120581055E+04    0.228329484726E+00  0.00
     256    0.105257797461E+05    0.449406929973E+00  0.00
     384    0.235723613867E+05    0.666882526609E+00  0.00
     512    0.418228700977E+05    0.942263775005E+00  0.00
     768    0.939335541699E+05    0.136978769490E+01  0.00
    1024    0.166864386152E+06    0.254989678691E+01  0.00
    1536    0.375198876094E+06    0.385071795413E+01  0.00
    2048    0.666802887100E+06    0.512784403089E+01  0.00
    3072    0.149993952027E+07    0.105865462746E+02  0.00
    4096    0.266627740309E+07    0.173169448286E+02  0.01
