       4    0.678608154297E+01    0.249810002933E-02  0.00
       6    0.106073620605E+02    0.354974728898E-02  0.00
       8    0.141318591309E+02    0.418492702841E-02  0.00
      12    0.205458471680E+02    0.614532886605E-02  0.00
      16    0.263607421875E+02    0.110511988239E-01  0.00
      24    0.368302734375E+02    0.167032003021E-01  0.00
      32    0.462073168945E+02    0.226374351887E-01  0.00
      48    0.628722607422E+02    0.340719043456E-01  0.00
      64    0.777324169922E+02    0.637599652607E-01  0.00
      96    0.104186772461E+03    0.896217303449E-01  0.00
     128    0.127527656250E+03    0.110057538939E+00  0.00
     192    0.169216049805E+03    0.161081389444E+00  0.00
     256    0.206361669922E+03    0.276372471497E+00  0.00
     384    0.272054736328E+03    0.370599187736E+00  0.00
     512    0.330130263672E+03    0.478166715189E+00  0.00
     768    0.433477607422E+03    0.637836949237E+00  0.00
    1024    0.523702265625E+03    0.106472314799E+01  0.00
    1536    0.685168046875E+03    0.144949327638E+01  0.00
    2048    0.829228721701E+03    0.173484667657E+01  0.00
    3072    0.108593445820E+04    0.334648475968E+01  0.00
    4096    0.132019088771E+04    0.470409017315E+01  0.01
