       4    0.157616710663E+00    0.260597002384E-03  0.00
       6    0.114609919419E+00    0.151500070908E-03  0.00
       8    0.923623588681E-01    0.955836339701E-04  0.00
      12    0.659674543216E-01    0.516944073140E-04  0.00
      16    0.507598189265E-01    0.472024795150E-04  0.00
      24    0.339487838966E-01    0.304956881820E-04  0.00
      32    0.250834134757E-01    0.235624741506E-04  0.00
      48    0.159382239375E-01    0.152098005549E-04  0.00
      64    0.114593954972E-01    0.162958036002E-04  0.00
      96    0.703271639815E-02    0.102025531508E-04  0.00
     128    0.494420628125E-02    0.700449104388E-05  0.00
     192    0.298648328083E-02    0.455480739318E-05  0.00
     256    0.207254064305E-02    0.435768454297E-05  0.00
     384    0.123390528185E-02    0.257447105909E-05  0.00
     512    0.852078168990E-03    0.180875258075E-05  0.00
     768    0.503993938577E-03    0.109997988082E-05  0.00
    1024    0.345628049339E-03    0.103485578476E-05  0.00
    1536    0.202236521963E-03    0.601108988035E-06  0.00
    2048    0.139396263201E-03    0.407411129163E-06  0.00
    3072    0.804639878365E-04    0.304638937115E-06  0.00
    4096    0.553983226720E-04    0.246490129216E-06  0.01
