       4    0.174445123672E+00    0.212453157779E-03  0.00
       6    0.134643053596E+00    0.132710721890E-03  0.00
       8    0.112540069818E+00    0.867424466411E-04  0.00
      12    0.843784750244E-01    0.472449946361E-04  0.00
      16    0.670379114896E-01    0.429695895401E-04  0.00
      24    0.467245233059E-01    0.279454609977E-04  0.00
      32    0.354321135487E-01    0.214823984170E-04  0.00
      48    0.233366446307E-01    0.141518394701E-04  0.00
      64    0.171380600426E-01    0.151901979479E-04  0.00
      96    0.108307401371E-01    0.976611964896E-05  0.00
     128    0.775383194908E-02    0.665963308277E-05  0.00
     192    0.478714433223E-02    0.436876298503E-05  0.00
     256    0.337015855519E-02    0.421157975775E-05  0.00
     384    0.204208819893E-02    0.252751087967E-05  0.00
     512    0.142446876195E-02    0.174054137329E-05  0.00
     768    0.853605238435E-03    0.105358110291E-05  0.00
    1024    0.590929342785E-03    0.999119887802E-06  0.00
    1536    0.349998917059E-03    0.593693145163E-06  0.00
    2048    0.241780735235E-03    0.386414173703E-06  0.00
    3072    0.141576750870E-03    0.303470222401E-06  0.00
    4096    0.974550588090E-04    0.251909153877E-06  0.01
