       4    0.641425964355E+01    0.538877013359E-01  1.00
       6    0.106017895508E+02    0.384224605760E-01  1.00
       8    0.146079724121E+02    0.364169171093E-01  1.00
      12    0.219758752441E+02    0.525763365566E-01  1.00
      16    0.287799194336E+02    0.591387048106E-01  0.00
      24    0.415486010742E+02    0.922998975960E-01  0.00
      32    0.532548632813E+02    0.104939668427E+00  0.00
      48    0.751623901367E+02    0.140052620558E+00  0.00
      64    0.955069165039E+02    0.220569137091E+00  0.00
      96    0.133243117676E+03    0.285877592543E+00  0.00
     128    0.168418745117E+03    0.380671945666E+00  0.00
     192    0.234124509277E+03    0.540952189425E+00  0.00
     256    0.296222543945E+03    0.721879143586E+00  0.00
     384    0.411912470703E+03    0.114728075134E+01  0.00
     512    0.520341342773E+03    0.142218792477E+01  0.00
     768    0.723383743159E+03    0.189106548550E+01  0.00
    1024    0.909055180053E+03    0.278758948639E+01  0.00
    1536    0.126837239299E+04    0.370941067406E+01  0.00
    2048    0.159667601551E+04    0.563853884417E+01  0.01
