       4    0.740140625000E+01    0.611173942646E-01  1.00
       6    0.131369653320E+02    0.879451773208E-01  1.00
       8    0.205051989746E+02    0.122282016429E+00  1.00
      12    0.414438610840E+02    0.224632154687E+00  1.00
      16    0.701607873535E+02    0.389951355600E+00  0.00
      24    0.151692398682E+03    0.728112275653E+00  0.00
      32    0.270726225586E+03    0.112206302821E+01  0.00
      48    0.609237572021E+03    0.219067777338E+01  0.00
      64    0.108520006592E+04    0.309912403445E+01  0.00
      96    0.247135219971E+04    0.591157312154E+01  0.00
     128    0.443481993652E+04    0.764722968053E+01  0.00
     192    0.100771384546E+05    0.138651448489E+02  0.00
     256    0.179966061035E+05    0.195916330332E+02  0.00
     384    0.406941668799E+05    0.287508708476E+02  0.00
     512    0.725391723145E+05    0.452024753859E+02  0.00
     768    0.163789349775E+06    0.748925907817E+02  0.00
    1024    0.291068467745E+06    0.996722394209E+02  0.00
    1536    0.656336380743E+06    0.150530733843E+03  0.00
    2048    0.116766349669E+07    0.231860058639E+03  0.01
