       4    0.166750597954E+00    0.346374398169E-02  1.00
       6    0.140470705386E+00    0.200626870105E-02  1.00
       8    0.112797056437E+00    0.119489527814E-02  1.00
      12    0.708622897113E-01    0.524879777937E-03  1.00
      16    0.497650461271E-01    0.424268624096E-03  0.00
      24    0.298369632385E-01    0.218328427275E-03  0.00
      32    0.198003289429E-01    0.131010189564E-03  0.00
      48    0.111342865408E-01    0.654945144542E-04  0.00
      64    0.739095185389E-02    0.425888313997E-04  0.00
      96    0.400730099196E-02    0.221706652871E-04  0.00
     128    0.260042850781E-02    0.127871307494E-04  0.00
     192    0.140662961649E-02    0.709030515228E-05  0.00
     256    0.900930965227E-03    0.409472243402E-05  0.00
     384    0.483500675223E-03    0.194675845152E-05  0.00
     512    0.307553337670E-03    0.131956250842E-05  0.00
     768    0.163530717118E-03    0.645863923716E-06  0.00
    1024    0.106308989835E-03    0.431085381974E-06  0.00
    1536    0.558023495922E-04    0.204259483677E-06  0.00
    2048    0.355967344832E-04    0.132864217726E-06  0.01
