       4    0.154402263165E+00    0.322530486696E-02  1.00
       6    0.122577720925E+00    0.204307999790E-02  1.00
       8    0.923035474122E-01    0.126845054730E-02  1.00
      12    0.526918014774E-01    0.510340691035E-03  1.00
      16    0.350473307073E-01    0.386237410380E-03  0.00
      24    0.198328158995E-01    0.184735240556E-03  0.00
      32    0.126556579373E-01    0.106224896278E-03  0.00
      48    0.679053702311E-02    0.492253223552E-04  0.00
      64    0.439135688284E-02    0.312750777614E-04  0.00
      96    0.229634112865E-02    0.160094531340E-04  0.00
     128    0.146228498650E-02    0.904094749396E-05  0.00
     192    0.771336645746E-03    0.490386793178E-05  0.00
     256    0.485350097430E-03    0.282737090004E-05  0.00
     384    0.255427697313E-03    0.131411428453E-05  0.00
     512    0.159966896756E-03    0.898109019423E-06  0.00
     768    0.839029815679E-04    0.436669129910E-06  0.00
    1024    0.542422889665E-04    0.297604692989E-06  0.00
    1536    0.280498225487E-04    0.139893895892E-06  0.00
    2048    0.177566432479E-04    0.921580687898E-07  0.01
