       4    0.136454497073E+00    0.105776826754E-03  0.03 2D       0
       6    0.103929194609E+00    0.174098305511E-02  0.03 2D       0
       8    0.107649014518E+00    0.185034692224E-01  0.03 2D       0
      12    0.806883847661E-01    0.385203512950E-02  0.03 2D       0
      16    0.710322822366E-01    0.865514739499E-03  0.01 2D       0
      24    0.646676100270E-01    0.198509274530E-02  0.01 2D       0
      32    0.819515979884E-01    0.210037499869E-01  0.01 2D       0
      48    0.598573799325E-01    0.619729267115E-02  0.01 2D       0
      64    0.497026619446E-01    0.596654635219E-04  0.00 2D       0
      96    0.454383780507E-01    0.543948314062E-04  0.00 2D       0
     128    0.426617255128E-01    0.514015856364E-04  0.00 2D       0
     192    0.390898408254E-01    0.469957941007E-04  0.00 2D       0
     256    0.367647221628E-01    0.637284495484E-04  0.00 2D       0
     384    0.337097127733E-01    0.579273158832E-04  0.00 2D       0
     512    0.316976877221E-01    0.544241222588E-04  0.00 2D       0
     768    0.290767759513E-01    0.494421882529E-04  0.00 2D       0
    1024    0.273719149657E-01    0.664009317497E-04  0.00 2D       0
    1536    0.252219858383E-01    0.616552038086E-04  0.00 2D       0
    2048    0.237281352623E-01    0.576062410093E-04  0.00 2D       0
    3072    0.217919979394E-01    0.527437048902E-04  0.00 2D       0
    4096    0.205114094117E-01    0.500413747319E-04  0.00 2D       0
