       8    0.225191314490E+02    0.399854766371E-02  8.00
      16    0.682720164181E+02    0.879627242147E-02  8.00
      32    0.233767782220E+03    0.202148306192E-01  8.00
      64    0.869216405111E+03    0.597343203185E-01  4.00
     128    0.336996391290E+04    0.122952156076E+00  4.00
     256    0.133101110684E+05    0.351403442624E+00  2.00
     512    0.529734380009E+05    0.719975195115E+00  2.00
    1024    0.211477503646E+06    0.208883956077E+01  1.00
    2048    0.845233631990E+06    0.422424594493E+01  1.00
    4096    0.337992677245E+07    0.117286947660E+02  0.00
    8192    0.135180514555E+08    0.240289906706E+02  0.51
