       8    0.924032372720E-02    0.731911311630E-05  8.00
      16    0.301989887690E-02    0.322040041227E-05  8.00
      32    0.114137669743E-02    0.142103445855E-05  8.00
      64    0.452338857387E-03    0.882312845643E-06  4.00
     128    0.180292223759E-03    0.361569126184E-06  4.00
     256    0.717601760237E-04    0.207603408177E-06  2.00
     512    0.288286023678E-04    0.845311651856E-07  2.00
    1024    0.115103207186E-04    0.491689517779E-07  1.00
    2048    0.455959310146E-05    0.191388481039E-07  1.00
    4096    0.181928890228E-05    0.110328309894E-07  0.00
    8192    0.720132942214E-06    0.448399941894E-08  0.51
